690190	6.04
690290	0.0
690300	0.0
720110	0.16
720150	0.0
720151	2.61
720261	2.86
720269	2.54
720271	3.07
720273	4.31
720276	2.51
720281	2.04
720286	3.69
720287	5.51
720291	0.0
720295	3.2
720296	4.83
720298	1.36
720299	2.3
720302	2.98
720303	2.63
720305	3.92
720311	2.48
720314	4.04
720315	0.76
720316	1.23
720318	4.49
720320	4.99
720323	2.87
720391	1.7
720393	0.04
720395	2.01
720396	0.0
720403	0.0
720404	2.96
720542	0.0
720577	2.31
720578	1.16
720579	3.06
720584	2.2
720594	0.0
720617	0.0
720622	0.46
720626	0.0
720637	2.9
720639	2.16
720647	0.0
720648	0.0
720659	0.88
720668	0.0
720669	0.0
720725	0.0
720726	0.0
720727	0.0
720729	0.0
720731	0.0
720732	0.0
720733	0.0
720742	0.0
720771	0.88
720919	0.0
720921	0.0
720926	0.0
720943	0.0
720965	3.26
721032	1.8
721034	2.8
721043	4.06
721044	1.74
722008	0.0
722042	0.0
722094	2.99
722102	0.0
722107	1.5
722112	0.0
722113	1.35
722122	1.86
722143	2.11
722159	4.07
722169	1.76
722174	1.21
722192	1.61
722202	3.17
722209	2.52
722214	0.96
722231	3.61
722323	0.0
722324	3.77
722337	0.98
722338	3.77
722351	2.5
722362	2.4
722363	1.74
722369	2.28
722410	19.02
722413	0.0
722414	0.0
722415	0.0
722416	5.61
722420	17.95
722422	6.77
722423	3.19
722426	0.0
722427	6.65
722429	10.32
722430	13.78
722433	0.02
722435	11.14
722436	17.13
722437	0.0
722439	0.0
722440	5.08
722444	8.65
722445	10.0
722446	12.2
722447	6.75
722448	6.73
722453	0.0
722469	4.88
722470	4.33
722479	5.12
722489	4.47
722499	6.92
722500	17.13
722505	6.69
722506	9.41
722508	5.64
722510	11.51
722515	19.02
722516	6.94
722517	7.17
722518	2.62
722519	0.0
722520	2.97
722523	8.86
722524	7.38
722525	4.02
722526	17.6
722527	8.0
722530	18.28
722533	8.07
722535	10.63
722536	16.32
722537	2.64
722539	7.47
722540	13.78
722541	4.69
722542	5.49
722543	8.25
722544	6.9
722545	9.88
722546	0.0
722547	7.99
722550	18.11
722552	2.26
722553	2.45
722554	3.0
722555	11.1
722556	10.63
722557	0.0
722560	11.02
722561	0.0
722563	7.5
722570	5.43
722572	5.55
722575	7.17
722576	7.03
722577	7.86
722580	11.02
722581	5.55
722583	5.1
722585	6.69
722586	0.0
722587	7.82
722588	2.33
722589	5.36
722590	9.06
722593	2.35
722594	6.25
722595	5.67
722596	10.0
722597	7.99
722598	0.79
722599	5.42
722600	4.92
722610	14.61
722615	13.21
722616	3.37
722618	4.12
722620	7.01
722626	1.93
722630	5.91
722635	1.77
722636	5.04
722637	1.15
722640	7.83
722648	3.45
722650	5.12
722654	4.12
722655	4.96
722656	4.43
722657	0.12
722658	0.0
722660	10.24
722665	6.1
722666	1.78
722670	12.2
722673	0.01
722675	3.7
722700	3.11
722704	2.44
722707	0.04
723510	5.33
723513	0.36
723601	5.98
723604	5.68
723628	2.08
723629	1.7
723630	6.66
723635	3.87
723660	1.91
723761	0.0
724462	0.0
725021	2.03
726388	0.0
747300	0.0
747335	0.0
747355	6.33
747360	0.85
747390	4.64
747400	5.31
747460	1.75
749016	0.0
749017	0.0
749018	0.0
749019	0.0
749056	0.0
749058	0.0
749091	0.0
994037	0.0
994110	3.92
994260	3.92
994510	0.0
994730	0.0
994790	0.0
997361	0.0
997363	0.0
997364	0.0
997366	0.0
997368	0.0
997369	0.0
997370	0.0
997729	0.0
998165	0.0
998174	0.0
998182	0.0
998184	0.0
998189	0.0
998226	0.0
998481	0.0
998482	0.0
998483	0.0
998484	0.0
998487	0.0
998490	0.0
999999	6.97
