1950,722423	93.0
1950,722436	96.3
1950,722448	95.4
1950,722500	97.3
1950,722510	101.3
1950,722517	103.3
1950,722525	105.3
1950,722530	99.0
1950,722535	102.0
1950,722536	100.2
1950,722545	101.3
1950,722555	93.0
1950,722560	101.3
1950,722575	100.2
1950,722576	90.3
1950,722580	100.9
1950,722585	100.0
1950,722586	97.3
1950,722595	99.9
1950,722596	100.0
1950,722597	100.0
1950,722610	102.9
1950,722630	96.3
1950,722650	100.9
1950,722656	104.0
1950,722657	100.9
1950,722660	100.0
1950,722670	101.3
1950,722675	100.9
1950,722700	102.0
1950,723510	98.2
1950,723601	102.0
1950,723630	101.3
1950,749058	100.2
1950,999999	105.1
1951,722423	95.0
1951,722436	101.3
1951,722448	105.3
1951,722500	95.4
1951,722510	99.3
1951,722517	103.3
1951,722525	105.3
1951,722530	104.0
1951,722535	104.0
1951,722536	104.4
1951,722545	107.2
1951,722555	98.1
1951,722560	107.2
1951,722576	104.4
1951,722580	107.1
1951,722585	107.2
1951,722586	105.3
1951,722595	108.0
1951,722596	107.1
1951,722597	107.1
1951,722610	105.1
1951,722630	100.9
1951,722650	108.0
1951,722656	109.0
1951,722657	109.0
1951,722660	104.0
1951,722670	104.4
1951,722675	102.9
1951,722700	105.1
1951,723510	108.3
1951,723601	107.1
1951,723630	103.3
1951,749056	105.3
1951,749058	104.4
1951,749091	89.2
1951,999999	108.0
1952,722423	91.0
1952,722436	98.2
1952,722448	102.4
1952,722500	97.3
1952,722505	99.3
1952,722510	96.3
1952,722517	105.3
1952,722525	105.3
1952,722530	100.0
1952,722535	102.0
1952,722536	101.3
1952,722545	104.4
1952,722555	95.0
1952,722560	105.3
1952,722575	87.3
1952,722576	105.3
1952,722577	88.3
1952,722580	106.0
1952,722585	107.1
1952,722586	104.4
1952,722595	108.0
1952,722596	107.1
1952,722597	108.0
1952,722610	104.0
1952,722630	106.0
1952,722650	104.0
1952,722656	107.1
1952,722657	105.1
1952,722660	106.0
1952,722666	89.2
1952,722670	103.3
1952,722675	102.0
1952,722700	102.9
1952,723510	107.2
1952,723601	107.1
1952,723630	103.3
1952,749016	87.3
1952,749017	88.3
1952,749056	102.4
1952,749058	102.4
1952,749091	103.3
1952,999999	106.0
1953,722423	93.0
1953,722436	98.2
1953,722448	101.3
1953,722500	99.3
1953,722505	102.4
1953,722510	98.2
1953,722517	107.2
1953,722525	107.2
1953,722530	104.0
1953,722535	106.0
1953,722536	104.4
1953,722545	107.2
1953,722550	105.1
1953,722555	98.1
1953,722560	105.3
1953,722576	105.3
1953,722580	107.1
1953,722586	106.3
1953,722595	106.0
1953,722596	86.0
1953,722597	108.0
1953,722610	106.0
1953,722615	105.3
1953,722630	96.3
1953,722650	107.1
1953,722655	75.0
1953,722656	109.0
1953,722657	107.1
1953,722660	106.0
1953,722670	105.4
1953,722675	102.9
1953,722700	105.1
1953,723510	108.3
1953,723601	109.9
1953,723630	108.3
1953,749056	105.3
1953,749058	105.3
1953,749091	106.3
1953,999999	108.0
1954,722423	97.0
1954,722436	104.4
1954,722448	108.3
1954,722500	100.2
1954,722505	103.3
1954,722510	102.4
1954,722517	107.2
1954,722525	108.3
1954,722530	105.1
1954,722533	85.3
1954,722535	108.0
1954,722536	107.2
1954,722545	106.3
1954,722550	107.1
1954,722555	100.0
1954,722560	109.2
1954,722576	109.2
1954,722580	109.9
1954,722586	108.3
1954,722595	108.9
1954,722597	111.0
1954,722610	109.0
1954,722615	109.2
1954,722630	99.0
1954,722650	104.0
1954,722655	104.0
1954,722656	107.1
1954,722660	106.0
1954,722670	101.3
1954,722675	100.9
1954,722700	102.0
1954,723510	109.2
1954,723601	106.0
1954,723630	103.3
1954,749056	107.2
1954,749058	108.3
1954,749091	107.2
1954,999999	109.0
1955,722423	91.9
1955,722436	98.2
1955,722500	94.3
1955,722505	101.3
1955,722510	101.3
1955,722517	60.3
1955,722525	105.3
1955,722530	100.9
1955,722533	102.4
1955,722535	102.0
1955,722536	101.3
1955,722545	101.3
1955,722550	99.0
1955,722555	95.0
1955,722560	102.9
1955,722576	102.4
1955,722580	104.0
1955,722586	102.4
1955,722595	104.9
1955,722597	105.1
1955,722610	102.0
1955,722615	102.4
1955,722630	96.3
1955,722650	102.9
1955,722655	105.1
1955,722656	55.9
1955,722660	102.0
1955,722670	102.4
1955,722675	100.9
1955,722700	102.0
1955,723510	102.4
1955,723601	48.9
1955,723630	101.3
1955,749056	101.3
1955,749058	103.3
1955,749091	101.3
1955,999999	105.1
1956,690190	106.0
1956,722423	91.0
1956,722436	100.2
1956,722500	96.3
1956,722505	100.2
1956,722510	96.3
1956,722525	105.3
1956,722530	102.9
1956,722533	102.4
1956,722535	102.0
1956,722536	101.3
1956,722545	104.4
1956,722550	100.9
1956,722560	104.4
1956,722576	104.4
1956,722580	108.0
1956,722586	107.2
1956,722595	108.0
1956,722597	107.1
1956,722610	106.0
1956,722615	105.3
1956,722630	98.2
1956,722650	105.1
1956,722655	107.1
1956,722660	105.1
1956,722670	103.3
1956,722675	100.9
1956,722700	100.9
1956,723510	105.3
1956,723630	99.3
1956,749056	102.4
1956,749058	103.3
1956,749091	104.4
1956,999999	107.1
1957,690190	104.0
1957,722423	93.9
1957,722436	101.3
1957,722500	96.3
1957,722505	98.2
1957,722510	98.2
1957,722525	108.3
1957,722530	102.0
1957,722533	102.4
1957,722535	102.9
1957,722536	102.4
1957,722545	105.3
1957,722550	99.0
1957,722560	108.0
1957,722576	105.3
1957,722580	109.9
1957,722586	103.3
1957,722595	106.0
1957,722597	105.1
1957,722610	102.9
1957,722615	104.4
1957,722630	99.0
1957,722650	104.0
1957,722655	104.0
1957,722660	102.9
1957,722670	107.4
1957,722675	104.0
1957,722700	106.0
1957,723510	105.3
1957,723630	106.3
1957,749058	102.4
1957,749091	103.3
1957,999999	107.1
1958,690190	102.9
1958,722423	84.9
1958,722436	101.3
1958,722500	96.3
1958,722505	99.3
1958,722510	99.3
1958,722525	109.2
1958,722530	100.0
1958,722533	96.3
1958,722535	100.9
1958,722536	100.2
1958,722545	102.4
1958,722550	100.0
1958,722560	105.3
1958,722576	101.3
1958,722580	102.9
1958,722586	104.4
1958,722595	104.0
1958,722597	104.0
1958,722615	101.3
1958,722630	100.9
1958,722650	105.1
1958,722655	104.0
1958,722660	102.0
1958,722670	107.4
1958,722675	104.0
1958,722700	106.0
1958,723510	103.3
1958,723630	99.3
1958,749058	101.3
1958,749091	98.2
1958,999999	105.1
1959,690190	104.0
1959,722423	91.9
1959,722436	96.3
1959,722500	97.3
1959,722505	99.3
1959,722510	95.4
1959,722525	106.3
1959,722530	100.0
1959,722535	100.0
1959,722536	98.2
1959,722545	100.2
1959,722560	101.3
1959,722576	100.2
1959,722580	102.0
1959,722586	98.2
1959,722595	102.9
1959,722597	106.0
1959,722615	103.3
1959,722630	105.1
1959,722650	104.0
1959,722655	106.0
1959,722660	104.0
1959,722670	103.3
1959,722675	100.9
1959,722700	102.9
1959,723510	102.9
1959,723630	101.3
1959,749058	101.3
1959,999999	104.0
1960,690190	108.0
1960,722423	93.9
1960,722436	97.3
1960,722500	98.2
1960,722505	100.2
1960,722510	100.2
1960,722525	109.2
1960,722530	102.9
1960,722535	104.0
1960,722536	101.3
1960,722545	104.4
1960,722560	105.1
1960,722570	83.3
1960,722576	102.4
1960,722580	102.0
1960,722586	98.2
1960,722595	104.0
1960,722597	106.0
1960,722615	108.3
1960,722630	109.9
1960,722650	105.1
1960,722655	106.0
1960,722660	104.0
1960,722670	103.3
1960,722675	102.9
1960,722700	107.1
1960,723510	105.3
1960,723630	103.3
1960,749058	103.3
1960,999999	106.0
1961,690190	98.1
1961,722423	91.0
1961,722436	95.4
1961,722500	96.3
1961,722505	98.2
1961,722510	96.3
1961,722525	102.4
1961,722530	100.0
1961,722535	98.1
1961,722536	97.3
1961,722545	101.3
1961,722550	95.0
1961,722560	101.3
1961,722570	99.3
1961,722576	81.3
1961,722580	100.0
1961,722586	101.3
1961,722595	99.9
1961,722597	100.0
1961,722615	99.3
1961,722630	100.9
1961,722650	98.1
1961,722655	100.9
1961,722660	97.0
1961,722670	101.3
1961,722675	99.0
1961,722700	102.0
1961,723510	102.4
1961,723630	98.4
1961,999999	102.0
1962,690190	102.9
1962,722423	96.1
1962,722436	103.3
1962,722500	100.2
1962,722505	96.3
1962,722510	102.4
1962,722525	106.3
1962,722530	105.1
1962,722535	106.0
1962,722536	106.3
1962,722545	106.3
1962,722550	106.0
1962,722560	108.0
1962,722570	106.3
1962,722580	102.9
1962,722586	102.4
1962,722595	102.9
1962,722597	104.0
1962,722615	104.4
1962,722630	107.1
1962,722650	102.9
1962,722655	104.0
1962,722660	102.9
1962,722670	100.4
1962,722675	99.0
1962,722700	100.0
1962,723510	110.3
1962,723630	99.3
1962,999999	107.1
1963,690190	100.9
1963,722423	91.9
1963,722436	101.3
1963,722500	96.3
1963,722510	97.3
1963,722525	106.3
1963,722530	100.0
1963,722535	100.9
1963,722536	100.2
1963,722545	103.3
1963,722550	99.0
1963,722560	103.3
1963,722570	101.3
1963,722576	86.4
1963,722580	102.9
1963,722586	104.4
1963,722595	104.0
1963,722597	106.0
1963,722610	102.9
1963,722615	103.3
1963,722630	104.0
1963,722650	102.0
1963,722655	100.0
1963,722660	102.0
1963,722670	100.4
1963,722675	97.9
1963,722700	104.0
1963,723510	106.3
1963,723630	100.4
1963,749018	76.3
1963,999999	105.1
1964,690190	108.0
1964,722436	98.2
1964,722500	97.3
1964,722510	100.2
1964,722525	106.3
1964,722530	102.0
1964,722535	106.0
1964,722536	101.3
1964,722545	103.3
1964,722550	100.9
1964,722560	106.3
1964,722570	103.3
1964,722576	104.4
1964,722580	106.0
1964,722586	108.3
1964,722595	106.9
1964,722597	109.0
1964,722610	104.0
1964,722615	104.4
1964,722630	105.1
1964,722650	106.0
1964,722655	102.9
1964,722660	104.0
1964,722670	102.4
1964,722675	99.9
1964,722700	102.9
1964,723510	111.2
1964,723630	104.4
1964,749018	108.3
1964,999999	108.0
1965,690190	102.9
1965,722436	98.2
1965,722500	96.3
1965,722510	99.3
1965,722520	106.3
1965,722525	88.3
1965,722530	97.0
1965,722535	99.0
1965,722536	99.3
1965,722545	99.3
1965,722550	99.0
1965,722560	105.3
1965,722570	101.3
1965,722576	98.2
1965,722580	100.9
1965,722586	101.3
1965,722595	102.0
1965,722597	102.0
1965,722610	100.9
1965,722615	104.4
1965,722630	102.0
1965,722650	100.0
1965,722655	100.9
1965,722660	102.9
1965,722675	97.9
1965,722700	99.3
1965,723630	96.1
1965,749018	99.3
1965,999999	106.0
1966,690190	104.0
1966,722436	97.3
1966,722500	95.4
1966,722510	97.3
1966,722520	103.3
1966,722530	98.1
1966,722535	100.0
1966,722536	100.2
1966,722545	100.2
1966,722550	96.1
1966,722560	104.0
1966,722570	103.3
1966,722576	102.4
1966,722580	100.0
1966,722586	101.3
1966,722595	104.9
1966,722597	95.4
1966,722610	100.9
1966,722615	101.3
1966,722630	102.0
1966,722650	100.9
1966,722655	100.9
1966,722660	102.0
1966,722675	102.0
1966,722700	100.0
1966,723630	100.0
1966,749018	96.3
1966,999999	107.1
1967,690190	106.0
1967,722436	99.3
1967,722500	98.2
1967,722510	96.3
1967,722520	108.3
1967,722530	100.0
1967,722535	102.9
1967,722536	105.3
1967,722545	101.3
1967,722550	98.1
1967,722560	104.0
1967,722570	106.3
1967,722576	104.4
1967,722580	104.0
1967,722586	105.3
1967,722595	106.0
1967,722597	104.4
1967,722610	100.9
1967,722615	102.4
1967,722630	105.1
1967,722650	100.0
1967,722655	102.9
1967,722660	106.0
1967,722675	97.9
1967,723630	100.0
1967,749018	102.4
1967,999999	108.0
1968,690190	100.9
1968,722436	96.3
1968,722500	95.4
1968,722510	95.4
1968,722520	104.4
1968,722530	97.0
1968,722535	99.0
1968,722536	99.3
1968,722545	98.2
1968,722550	95.0
1968,722560	100.0
1968,722570	96.3
1968,722576	96.3
1968,722580	100.0
1968,722586	99.3
1968,722595	102.9
1968,722597	100.2
1968,722610	100.9
1968,722615	100.2
1968,722630	100.9
1968,722650	100.0
1968,722655	102.0
1968,722660	98.1
1968,722675	102.0
1968,723630	104.0
1968,749018	98.2
1968,749019	98.2
1968,999999	107.1
1969,690190	105.1
1969,722436	99.3
1969,722500	97.3
1969,722510	98.2
1969,722520	108.3
1969,722530	104.0
1969,722535	104.0
1969,722536	103.3
1969,722545	105.3
1969,722550	100.0
1969,722570	105.3
1969,722576	103.3
1969,722580	104.0
1969,722586	103.3
1969,722595	106.0
1969,722597	107.2
1969,722610	107.1
1969,722615	108.3
1969,722630	107.1
1969,722650	105.1
1969,722655	105.1
1969,722660	105.1
1969,722675	102.0
1969,723630	102.0
1969,749018	48.4
1969,749019	104.4
1969,999999	109.9
1970,690190	106.0
1970,722436	97.3
1970,722500	97.3
1970,722510	97.3
1970,722520	105.3
1970,722530	98.1
1970,722535	104.0
1970,722536	98.2
1970,722545	101.3
1970,722550	99.0
1970,722570	99.3
1970,722576	100.2
1970,722580	102.0
1970,722586	104.4
1970,722595	104.9
1970,722597	105.3
1970,722610	100.0
1970,722615	106.3
1970,722630	102.9
1970,722650	102.0
1970,722655	105.1
1970,722660	102.0
1970,722675	104.9
1970,723630	102.0
1970,749019	103.3
1970,999999	109.9
1971,722436	96.1
1971,722500	96.3
1971,722510	97.3
1971,722520	108.3
1971,722530	98.1
1971,722535	100.9
1971,722545	100.9
1971,722550	97.0
1971,722570	99.3
1971,722576	55.4
1971,722580	102.0
1971,722586	88.3
1971,722595	102.0
1971,722597	104.4
1971,722610	99.0
1971,722630	102.0
1971,722650	102.0
1971,722655	104.4
1971,722660	102.0
1971,723630	98.1
1971,749019	84.4
1971,999999	107.1
1972,722436	95.0
1972,722500	95.4
1972,722510	98.1
1972,722530	96.1
1972,722535	102.0
1972,722545	100.0
1972,722550	96.1
1972,722580	102.9
1972,722595	107.1
1972,722610	102.0
1972,722630	102.9
1972,722650	102.0
1972,722660	105.1
1972,722700	102.0
1972,723630	96.1
1972,999999	109.0
1973,722410	93.9
1973,722420	89.6
1973,722422	90.9
1973,722430	98.6
1973,722435	97.0
1973,722436	95.9
1973,722445	99.0
1973,722446	97.0
1973,722447	93.9
1973,722448	95.0
1973,722500	98.6
1973,722505	101.8
1973,722506	104.9
1973,722510	99.0
1973,722515	95.0
1973,722516	102.9
1973,722517	101.8
1973,722518	97.9
1973,722520	110.8
1973,722525	110.8
1973,722526	104.9
1973,722530	96.8
1973,722535	97.9
1973,722536	92.8
1973,722537	52.0
1973,722540	98.6
1973,722545	95.9
1973,722550	98.6
1973,722555	95.0
1973,722556	97.9
1973,722560	100.9
1973,722572	95.9
1973,722576	97.9
1973,722577	99.9
1973,722580	100.0
1973,722585	99.0
1973,722587	91.9
1973,722590	99.0
1973,722595	100.9
1973,722596	99.9
1973,722597	101.8
1973,722610	104.0
1973,722615	102.9
1973,722626	97.0
1973,722630	104.9
1973,722635	93.9
1973,722636	101.8
1973,722650	100.9
1973,722655	104.9
1973,722656	104.9
1973,722657	102.9
1973,722660	102.0
1973,722665	101.8
1973,722666	101.8
1973,722670	100.9
1973,722675	100.0
1973,722700	106.0
1973,722707	99.0
1973,723510	104.9
1973,723601	104.9
1973,723630	102.9
1973,999999	79.0
1974,722410	95.0
1974,722420	93.9
1974,722422	93.0
1974,722430	98.1
1974,722435	97.0
1974,722436	96.1
1974,722445	100.9
1974,722446	100.0
1974,722447	100.0
1974,722448	102.0
1974,722500	100.9
1974,722505	105.1
1974,722506	105.1
1974,722510	99.0
1974,722515	91.9
1974,722516	98.1
1974,722517	100.9
1974,722525	109.9
1974,722526	106.0
1974,722530	99.0
1974,722535	104.0
1974,722536	100.9
1974,722540	100.9
1974,722545	104.0
1974,722550	99.0
1974,722555	93.0
1974,722556	100.9
1974,722560	106.0
1974,722572	102.0
1974,722576	102.9
1974,722577	102.9
1974,722580	107.1
1974,722585	108.0
1974,722587	89.1
1974,722590	105.1
1974,722595	106.0
1974,722596	106.0
1974,722597	106.0
1974,722598	79.9
1974,722610	106.0
1974,722615	104.0
1974,722626	99.0
1974,722630	105.1
1974,722635	102.9
1974,722636	100.0
1974,722650	102.9
1974,722655	105.1
1974,722656	104.0
1974,722657	102.0
1974,722660	104.0
1974,722665	105.1
1974,722666	105.1
1974,722670	100.9
1974,722675	102.0
1974,722700	107.1
1974,722707	99.0
1974,723510	109.0
1974,723601	107.1
1974,723630	100.0
1975,722410	93.9
1975,722415	88.9
1975,722420	93.0
1975,722422	93.9
1975,722430	97.0
1975,722435	97.0
1975,722436	95.0
1975,722437	88.0
1975,722445	96.1
1975,722446	97.0
1975,722447	97.0
1975,722448	100.0
1975,722500	96.1
1975,722505	99.0
1975,722506	99.0
1975,722510	99.0
1975,722515	98.1
1975,722516	98.1
1975,722517	100.9
1975,722519	88.0
1975,722520	95.0
1975,722525	106.0
1975,722526	104.0
1975,722530	98.1
1975,722535	98.1
1975,722536	99.0
1975,722540	98.1
1975,722545	98.1
1975,722550	97.0
1975,722555	91.9
1975,722556	99.0
1975,722557	93.9
1975,722560	100.0
1975,722572	96.1
1975,722576	100.0
1975,722577	99.0
1975,722580	100.9
1975,722585	100.9
1975,722587	95.0
1975,722590	99.0
1975,722595	99.0
1975,722596	100.0
1975,722597	100.0
1975,722610	100.9
1975,722615	102.0
1975,722626	99.0
1975,722630	100.0
1975,722635	100.0
1975,722636	98.1
1975,722650	104.0
1975,722655	105.1
1975,722656	107.1
1975,722660	99.0
1975,722665	102.0
1975,722666	96.1
1975,722670	102.0
1975,722675	106.0
1975,722700	104.0
1975,722707	93.9
1975,723510	100.0
1975,723601	102.9
1975,723630	98.1
1976,722410	97.0
1976,722415	93.9
1976,722420	95.0
1976,722422	93.9
1976,722430	100.0
1976,722435	98.1
1976,722436	100.0
1976,722437	90.9
1976,722445	100.0
1976,722446	96.1
1976,722447	96.1
1976,722448	97.0
1976,722500	93.9
1976,722505	75.0
1976,722506	99.0
1976,722510	99.0
1976,722515	96.1
1976,722516	104.0
1976,722517	102.9
1976,722519	90.0
1976,722520	100.9
1976,722526	102.0
1976,722530	96.1
1976,722535	100.9
1976,722536	98.1
1976,722540	100.0
1976,722545	100.0
1976,722550	98.1
1976,722555	97.0
1976,722556	99.0
1976,722557	93.9
1976,722560	104.9
1976,722572	99.0
1976,722576	100.9
1976,722577	102.0
1976,722580	102.9
1976,722585	100.9
1976,722587	93.9
1976,722590	102.0
1976,722595	102.9
1976,722596	102.0
1976,722597	105.1
1976,722610	99.0
1976,722615	99.0
1976,722626	97.0
1976,722630	98.1
1976,722635	102.0
1976,722636	102.0
1976,722650	100.0
1976,722655	102.9
1976,722656	106.9
1976,722658	97.0
1976,722660	100.9
1976,722665	99.0
1976,722666	89.1
1976,722670	99.0
1976,722675	100.0
1976,722700	104.9
1976,722707	88.0
1976,723510	107.1
1976,723601	102.0
1976,723630	99.9
1977,722410	99.0
1977,722415	93.9
1977,722420	91.9
1977,722422	93.9
1977,722430	99.9
1977,722435	98.1
1977,722436	97.0
1977,722437	90.9
1977,722445	100.9
1977,722446	99.0
1977,722447	106.9
1977,722448	104.0
1977,722500	99.9
1977,722505	96.1
1977,722506	102.0
1977,722510	102.9
1977,722515	99.0
1977,722516	104.0
1977,722517	104.9
1977,722519	97.9
1977,722520	102.0
1977,722526	111.0
1977,722530	99.0
1977,722535	100.9
1977,722536	100.9
1977,722540	100.9
1977,722545	100.9
1977,722550	99.0
1977,722555	96.1
1977,722556	104.9
1977,722557	90.0
1977,722560	106.0
1977,722572	100.0
1977,722576	100.9
1977,722577	100.9
1977,722580	109.9
1977,722585	107.1
1977,722587	104.0
1977,722590	108.0
1977,722595	107.1
1977,722596	106.0
1977,722597	106.0
1977,722610	105.1
1977,722615	107.1
1977,722620	89.1
1977,722626	98.1
1977,722630	106.0
1977,722635	104.0
1977,722636	100.9
1977,722640	105.1
1977,722650	109.9
1977,722655	100.9
1977,722656	108.9
1977,722658	78.1
1977,722660	104.9
1977,722665	105.1
1977,722666	82.0
1977,722670	104.9
1977,722675	105.1
1977,722700	106.9
1977,722707	99.0
1977,723510	106.9
1977,723601	105.1
1977,723630	100.0
1977,747400	108.0
1978,722410	97.0
1978,722415	97.9
1978,722420	93.0
1978,722422	93.0
1978,722430	101.8
1978,722435	97.0
1978,722436	98.1
1978,722437	92.8
1978,722445	102.9
1978,722446	100.0
1978,722447	104.9
1978,722448	107.1
1978,722500	100.0
1978,722505	78.1
1978,722506	100.9
1978,722510	100.9
1978,722515	97.0
1978,722516	100.0
1978,722517	104.0
1978,722519	90.0
1978,722520	109.0
1978,722526	104.9
1978,722530	100.9
1978,722535	105.1
1978,722536	100.0
1978,722540	104.9
1978,722545	106.0
1978,722550	99.0
1978,722555	97.0
1978,722556	102.9
1978,722557	86.9
1978,722560	106.9
1978,722570	102.0
1978,722576	106.0
1978,722577	107.1
1978,722580	108.0
1978,722585	109.9
1978,722587	102.0
1978,722590	107.1
1978,722595	106.0
1978,722596	105.1
1978,722597	109.0
1978,722610	104.9
1978,722615	102.9
1978,722620	100.9
1978,722630	106.0
1978,722636	104.0
1978,722640	104.0
1978,722650	102.9
1978,722656	107.1
1978,722660	109.9
1978,722665	107.1
1978,722666	75.0
1978,722670	106.0
1978,722675	108.0
1978,722700	110.8
1978,723510	114.1
1978,723601	120.0
1978,723630	104.9
1978,747300	75.0
1978,747400	108.0
1979,722410	93.0
1979,722415	93.9
1979,722420	91.9
1979,722422	93.0
1979,722430	99.0
1979,722435	93.9
1979,722436	96.1
1979,722437	93.9
1979,722445	97.0
1979,722446	93.9
1979,722447	104.0
1979,722448	98.1
1979,722500	99.9
1979,722506	102.9
1979,722510	99.9
1979,722515	95.0
1979,722516	99.0
1979,722517	102.9
1979,722519	88.9
1979,722520	108.0
1979,722526	104.0
1979,722530	98.1
1979,722535	98.1
1979,722536	96.1
1979,722540	97.0
1979,722545	98.1
1979,722550	93.9
1979,722555	95.0
1979,722556	100.0
1979,722557	82.9
1979,722560	100.9
1979,722570	98.1
1979,722576	100.9
1979,722577	100.9
1979,722580	106.9
1979,722585	102.9
1979,722587	100.0
1979,722588	91.9
1979,722590	102.9
1979,722595	100.0
1979,722596	100.9
1979,722597	102.9
1979,722610	106.0
1979,722615	102.9
1979,722620	95.0
1979,722630	99.9
1979,722636	102.0
1979,722640	99.0
1979,722650	102.0
1979,722656	108.0
1979,722660	102.9
1979,722665	102.9
1979,722666	95.0
1979,722670	102.9
1979,722675	106.0
1979,722700	112.1
1979,723510	108.0
1979,723601	102.9
1979,723630	99.0
1979,747300	81.0
1979,747400	102.0
1980,722410	115.0
1980,722415	99.9
1980,722420	96.1
1980,722422	96.1
1980,722430	106.9
1980,722435	102.9
1980,722436	102.0
1980,722437	97.9
1980,722445	106.0
1980,722446	104.0
1980,722447	104.0
1980,722448	106.0
1980,722500	100.0
1980,722505	81.0
1980,722506	111.0
1980,722510	100.9
1980,722515	95.9
1980,722516	104.0
1980,722517	107.1
1980,722519	88.0
1980,722520	109.9
1980,722526	109.9
1980,722530	104.9
1980,722535	107.1
1980,722536	105.1
1980,722540	105.1
1980,722545	104.0
1980,722550	100.0
1980,722555	97.0
1980,722556	104.9
1980,722557	90.0
1980,722560	108.9
1980,722570	102.9
1980,722576	106.0
1980,722577	108.0
1980,722580	111.9
1980,722585	111.9
1980,722587	102.9
1980,722590	113.0
1980,722595	109.9
1980,722596	111.0
1980,722597	113.9
1980,722610	107.1
1980,722615	109.0
1980,722620	98.1
1980,722630	105.1
1980,722636	104.9
1980,722640	104.0
1980,722650	106.0
1980,722656	109.9
1980,722660	109.9
1980,722665	109.0
1980,722670	108.0
1980,722675	109.9
1980,722700	109.0
1980,723510	117.0
1980,723601	111.9
1980,723604	99.0
1980,723630	106.0
1980,726388	90.9
1980,747300	98.1
1980,747400	111.0
1981,722410	97.0
1981,722414	84.9
1981,722415	94.8
1981,722420	93.9
1981,722422	96.1
1981,722430	102.9
1981,722435	97.0
1981,722436	102.0
1981,722437	97.0
1981,722445	101.8
1981,722446	99.0
1981,722447	104.0
1981,722448	102.9
1981,722500	99.9
1981,722505	97.0
1981,722506	104.0
1981,722510	97.0
1981,722515	99.9
1981,722516	100.0
1981,722517	102.0
1981,722520	105.1
1981,722526	102.9
1981,722530	99.9
1981,722535	100.0
1981,722536	97.0
1981,722540	100.9
1981,722545	98.1
1981,722550	97.0
1981,722555	97.0
1981,722556	99.9
1981,722557	77.9
1981,722560	102.9
1981,722570	98.1
1981,722576	100.9
1981,722577	102.0
1981,722580	104.0
1981,722585	102.9
1981,722587	84.0
1981,722590	108.9
1981,722595	100.9
1981,722596	102.9
1981,722597	104.9
1981,722610	99.0
1981,722615	98.1
1981,722620	98.1
1981,722630	99.9
1981,722636	102.9
1981,722637	102.0
1981,722640	104.0
1981,722650	104.9
1981,722656	108.0
1981,722660	104.9
1981,722665	100.9
1981,722670	106.9
1981,722675	109.0
1981,722700	109.9
1981,723510	109.0
1981,723604	111.0
1981,723630	106.0
1981,726388	90.9
1981,747300	96.1
1981,747400	100.9
1982,690290	88.9
1982,690300	90.0
1982,722410	95.0
1982,722414	87.1
1982,722415	95.9
1982,722420	102.0
1982,722422	93.0
1982,722430	99.0
1982,722435	100.9
1982,722436	98.1
1982,722437	95.9
1982,722445	100.9
1982,722446	99.0
1982,722447	102.9
1982,722448	102.9
1982,722500	99.0
1982,722505	84.9
1982,722506	102.9
1982,722510	100.0
1982,722515	95.0
1982,722516	100.9
1982,722517	109.0
1982,722520	102.9
1982,722526	104.0
1982,722530	102.0
1982,722535	102.0
1982,722536	100.0
1982,722540	104.0
1982,722545	102.9
1982,722550	100.0
1982,722555	98.1
1982,722556	102.9
1982,722560	105.1
1982,722570	102.0
1982,722576	100.0
1982,722577	102.9
1982,722580	104.9
1982,722585	104.0
1982,722588	97.0
1982,722590	102.9
1982,722595	104.0
1982,722596	102.9
1982,722597	102.0
1982,722610	105.1
1982,722615	105.1
1982,722620	93.0
1982,722630	100.9
1982,722636	97.0
1982,722640	99.0
1982,722650	102.2
1982,722656	102.9
1982,722660	101.3
1982,722665	104.0
1982,722670	102.9
1982,722673	93.9
1982,722675	100.0
1982,722700	105.1
1982,723510	107.1
1982,723604	102.9
1982,723630	102.0
1982,726388	91.9
1982,747300	97.0
1982,747400	105.1
1983,690290	88.9
1983,690300	88.9
1983,722410	93.9
1983,722414	86.0
1983,722420	98.1
1983,722422	93.0
1983,722430	95.9
1983,722435	96.1
1983,722436	95.0
1983,722437	90.0
1983,722445	97.0
1983,722446	96.1
1983,722447	100.9
1983,722448	100.0
1983,722500	100.0
1983,722505	95.0
1983,722506	104.0
1983,722510	101.3
1983,722515	97.0
1983,722516	100.9
1983,722517	104.0
1983,722520	106.0
1983,722526	106.0
1983,722530	100.9
1983,722533	90.0
1983,722535	100.9
1983,722536	99.0
1983,722540	100.9
1983,722545	99.0
1983,722550	96.1
1983,722555	98.1
1983,722556	102.9
1983,722560	104.0
1983,722570	100.0
1983,722576	100.9
1983,722577	100.9
1983,722580	104.9
1983,722585	104.0
1983,722588	91.0
1983,722590	100.9
1983,722595	100.9
1983,722596	102.9
1983,722597	102.9
1983,722610	105.1
1983,722615	102.9
1983,722620	98.1
1983,722630	100.9
1983,722636	99.0
1983,722637	77.0
1983,722640	100.9
1983,722650	106.0
1983,722656	107.1
1983,722660	104.4
1983,722665	106.0
1983,722670	108.0
1983,722673	93.0
1983,722675	102.9
1983,722700	102.9
1983,723510	107.1
1983,723604	105.1
1983,723630	102.0
1983,726388	93.9
1983,747300	99.0
1983,747400	102.0
1983,999999	82.9
1984,722337	95.0
1984,722410	95.0
1984,722415	99.0
1984,722420	95.0
1984,722422	96.1
1984,722430	98.2
1984,722435	97.0
1984,722436	97.0
1984,722437	99.9
1984,722439	82.9
1984,722445	102.0
1984,722446	102.9
1984,722447	109.9
1984,722448	106.0
1984,722500	106.0
1984,722505	102.9
1984,722506	107.1
1984,722510	102.9
1984,722515	100.9
1984,722516	106.0
1984,722517	107.1
1984,722520	108.0
1984,722524	78.1
1984,722526	109.9
1984,722530	101.1
1984,722533	105.1
1984,722535	105.1
1984,722536	100.0
1984,722540	106.0
1984,722545	106.0
1984,722550	103.8
1984,722555	98.1
1984,722556	105.1
1984,722560	107.1
1984,722570	102.0
1984,722576	102.0
1984,722577	107.1
1984,722580	108.0
1984,722585	108.0
1984,722588	100.0
1984,722590	106.0
1984,722595	104.0
1984,722596	105.1
1984,722597	102.9
1984,722598	105.1
1984,722599	105.1
1984,722600	105.1
1984,722610	109.9
1984,722615	104.0
1984,722620	93.0
1984,722630	107.1
1984,722636	97.0
1984,722637	105.1
1984,722640	97.0
1984,722650	101.5
1984,722656	102.0
1984,722660	103.6
1984,722665	104.0
1984,722670	102.0
1984,722673	102.0
1984,722675	99.0
1984,722700	103.8
1984,723510	106.0
1984,723604	106.0
1984,723630	99.0
1984,726388	86.9
1984,747300	100.9
1984,747400	106.0
1985,722094	27.1
1985,722337	90.0
1985,722410	99.0
1985,722415	49.8
1985,722420	95.0
1985,722422	93.0
1985,722430	102.0
1985,722433	98.1
1985,722435	98.1
1985,722436	100.9
1985,722439	73.0
1985,722445	106.0
1985,722446	102.0
1985,722447	107.1
1985,722448	104.0
1985,722500	100.0
1985,722505	100.0
1985,722506	102.9
1985,722510	97.7
1985,722515	98.1
1985,722516	102.9
1985,722517	105.1
1985,722520	102.9
1985,722526	104.0
1985,722530	103.8
1985,722533	100.9
1985,722535	102.9
1985,722536	98.1
1985,722540	104.0
1985,722545	106.0
1985,722550	102.0
1985,722555	102.0
1985,722556	108.0
1985,722560	106.0
1985,722570	102.9
1985,722576	102.0
1985,722577	105.1
1985,722580	102.0
1985,722581	105.1
1985,722585	107.1
1985,722588	100.0
1985,722590	106.0
1985,722595	102.9
1985,722596	106.0
1985,722597	104.0
1985,722598	104.0
1985,722599	104.0
1985,722600	102.9
1985,722610	102.0
1985,722615	102.0
1985,722620	100.0
1985,722630	102.0
1985,722636	99.0
1985,722637	102.0
1985,722640	99.0
1985,722650	103.6
1985,722656	104.0
1985,722660	103.1
1985,722665	102.9
1985,722666	100.9
1985,722670	102.0
1985,722673	105.1
1985,722675	99.0
1985,722700	106.0
1985,723510	105.1
1985,723604	106.0
1985,723630	104.9
1985,726388	90.0
1985,747300	102.0
1985,747400	105.1
1985,994110	85.1
1985,994260	94.3
1986,722094	60.1
1986,722337	71.1
1986,722410	99.0
1986,722415	88.9
1986,722420	103.1
1986,722422	98.1
1986,722429	91.0
1986,722430	100.9
1986,722435	99.0
1986,722436	100.9
1986,722439	84.9
1986,722445	102.0
1986,722446	102.9
1986,722447	105.1
1986,722448	104.0
1986,722453	55.0
1986,722500	102.9
1986,722505	100.0
1986,722506	106.0
1986,722508	81.9
1986,722510	99.5
1986,722515	97.0
1986,722516	102.9
1986,722517	108.0
1986,722520	109.0
1986,722524	81.0
1986,722526	109.0
1986,722530	107.4
1986,722533	105.1
1986,722535	107.1
1986,722536	105.1
1986,722540	102.9
1986,722545	104.0
1986,722550	104.0
1986,722555	95.0
1986,722556	104.0
1986,722557	86.9
1986,722560	108.0
1986,722570	102.0
1986,722575	108.0
1986,722576	102.9
1986,722577	105.1
1986,722581	107.1
1986,722585	106.0
1986,722588	100.9
1986,722590	106.0
1986,722595	105.1
1986,722596	106.0
1986,722597	107.1
1986,722598	108.0
1986,722599	102.9
1986,722600	104.0
1986,722610	106.0
1986,722615	102.0
1986,722620	98.1
1986,722630	109.0
1986,722636	99.0
1986,722637	100.9
1986,722640	99.0
1986,722650	105.1
1986,722656	104.0
1986,722660	105.1
1986,722665	106.0
1986,722666	70.0
1986,722670	102.9
1986,722673	108.0
1986,722675	100.0
1986,722700	102.0
1986,723510	109.9
1986,723604	105.1
1986,723630	102.0
1986,747300	105.1
1986,747400	106.0
1986,994110	85.3
1986,994260	90.7
1987,722094	23.2
1987,722337	89.1
1987,722410	98.1
1987,722413	91.9
1987,722420	95.9
1987,722422	99.0
1987,722429	98.1
1987,722430	100.0
1987,722435	98.1
1987,722436	96.1
1987,722439	96.1
1987,722445	102.0
1987,722446	100.9
1987,722447	102.9
1987,722448	102.0
1987,722453	55.0
1987,722500	98.1
1987,722505	99.0
1987,722506	108.0
1987,722510	96.3
1987,722515	97.0
1987,722516	100.0
1987,722517	102.9
1987,722520	105.1
1987,722524	72.0
1987,722526	105.1
1987,722530	99.5
1987,722533	98.1
1987,722535	102.0
1987,722536	100.9
1987,722537	97.0
1987,722540	99.0
1987,722545	99.0
1987,722550	99.0
1987,722555	95.0
1987,722556	100.9
1987,722560	106.0
1987,722570	99.0
1987,722575	100.9
1987,722576	102.0
1987,722577	100.9
1987,722581	104.0
1987,722585	105.1
1987,722588	100.0
1987,722590	102.9
1987,722595	102.9
1987,722596	102.9
1987,722597	104.0
1987,722598	100.9
1987,722599	100.9
1987,722600	100.0
1987,722610	100.9
1987,722615	99.0
1987,722620	95.0
1987,722630	100.9
1987,722636	99.0
1987,722640	98.1
1987,722650	104.0
1987,722656	104.0
1987,722660	100.4
1987,722665	102.0
1987,722666	79.0
1987,722670	105.1
1987,722673	100.0
1987,722675	102.0
1987,722700	104.0
1987,723510	106.0
1987,723604	99.0
1987,723630	100.0
1987,747300	102.0
1987,747400	100.0
1987,994110	90.7
1987,994260	91.2
1988,722094	57.0
1988,722337	84.9
1988,722410	100.0
1988,722413	73.9
1988,722420	95.4
1988,722422	100.0
1988,722426	90.0
1988,722429	102.9
1988,722430	102.4
1988,722435	102.0
1988,722436	100.9
1988,722439	93.0
1988,722445	106.0
1988,722446	102.0
1988,722447	109.0
1988,722448	102.0
1988,722453	89.1
1988,722500	98.1
1988,722505	105.1
1988,722506	114.1
1988,722510	102.4
1988,722515	98.1
1988,722516	106.0
1988,722517	106.0
1988,722520	109.0
1988,722524	88.0
1988,722526	111.0
1988,722530	102.4
1988,722533	100.9
1988,722535	104.0
1988,722536	100.0
1988,722537	105.1
1988,722540	105.1
1988,722545	102.0
1988,722550	102.9
1988,722555	97.0
1988,722556	108.0
1988,722560	108.0
1988,722570	104.0
1988,722575	102.9
1988,722576	107.1
1988,722577	102.9
1988,722581	106.0
1988,722585	107.1
1988,722587	46.0
1988,722588	104.0
1988,722590	107.1
1988,722595	105.1
1988,722596	106.0
1988,722597	106.0
1988,722598	97.0
1988,722599	102.9
1988,722600	100.9
1988,722610	111.9
1988,722615	111.0
1988,722620	95.0
1988,722630	104.0
1988,722636	98.1
1988,722640	96.1
1988,722650	104.9
1988,722656	106.0
1988,722660	102.6
1988,722665	107.1
1988,722670	102.0
1988,722673	102.9
1988,722675	99.0
1988,722700	100.0
1988,723510	108.0
1988,723604	108.0
1988,723630	98.1
1988,747300	97.0
1988,747400	104.0
1988,994110	93.2
1988,994260	95.2
1989,690190	108.0
1989,722337	90.0
1989,722410	99.0
1989,722420	95.9
1989,722422	96.1
1989,722426	84.9
1989,722429	98.1
1989,722430	99.0
1989,722435	97.0
1989,722436	98.1
1989,722439	91.9
1989,722445	102.0
1989,722446	99.0
1989,722447	99.0
1989,722448	99.0
1989,722453	90.0
1989,722500	102.0
1989,722505	100.9
1989,722506	106.0
1989,722510	102.0
1989,722515	98.1
1989,722516	104.0
1989,722517	106.0
1989,722520	108.0
1989,722524	91.0
1989,722526	109.0
1989,722527	97.0
1989,722530	106.3
1989,722533	102.9
1989,722535	102.9
1989,722536	102.9
1989,722537	100.0
1989,722540	102.9
1989,722545	102.9
1989,722550	102.0
1989,722555	96.1
1989,722556	107.1
1989,722560	104.0
1989,722570	100.0
1989,722575	102.9
1989,722576	102.0
1989,722577	102.0
1989,722581	102.0
1989,722585	102.0
1989,722587	95.0
1989,722588	99.0
1989,722590	100.9
1989,722595	98.1
1989,722596	100.9
1989,722597	105.1
1989,722598	100.0
1989,722599	98.1
1989,722600	100.0
1989,722610	107.1
1989,722615	106.0
1989,722620	102.0
1989,722630	109.0
1989,722636	100.0
1989,722640	100.9
1989,722650	112.3
1989,722656	111.0
1989,722660	106.3
1989,722670	106.0
1989,722673	100.0
1989,722675	108.0
1989,722700	107.1
1989,723510	105.1
1989,723604	109.0
1989,723630	100.9
1989,747300	106.0
1989,747400	106.0
1989,994110	88.7
1989,994260	92.3
1990,690190	105.1
1990,722337	72.0
1990,722410	100.9
1990,722420	99.1
1990,722422	64.0
1990,722423	99.0
1990,722429	102.0
1990,722430	104.0
1990,722435	102.9
1990,722436	100.0
1990,722439	75.0
1990,722445	104.0
1990,722446	102.0
1990,722447	105.1
1990,722448	102.0
1990,722453	84.9
1990,722500	100.0
1990,722505	102.0
1990,722506	102.0
1990,722510	102.0
1990,722515	100.0
1990,722516	104.0
1990,722517	102.9
1990,722520	106.0
1990,722524	87.1
1990,722526	108.0
1990,722527	73.0
1990,722530	102.0
1990,722533	102.0
1990,722535	84.9
1990,722536	104.0
1990,722537	97.0
1990,722540	106.0
1990,722545	105.1
1990,722550	102.0
1990,722555	97.0
1990,722556	114.1
1990,722560	109.0
1990,722570	102.9
1990,722575	98.1
1990,722576	102.9
1990,722577	104.0
1990,722581	77.0
1990,722583	106.0
1990,722585	106.0
1990,722587	100.0
1990,722588	104.0
1990,722590	106.0
1990,722595	105.1
1990,722596	105.1
1990,722597	104.0
1990,722598	99.0
1990,722599	102.0
1990,722600	100.0
1990,722610	104.0
1990,722615	106.0
1990,722620	100.0
1990,722630	102.9
1990,722636	107.1
1990,722640	99.0
1990,722650	109.0
1990,722656	111.0
1990,722660	102.9
1990,722670	109.9
1990,722673	102.0
1990,722675	106.0
1990,722700	109.0
1990,723510	107.1
1990,723604	108.0
1990,723630	108.0
1990,747300	102.9
1990,747400	102.0
1990,994110	86.0
1990,994260	93.0
1990,994510	86.9
1991,690190	100.0
1991,722337	77.0
1991,722410	97.0
1991,722420	100.4
1991,722423	69.1
1991,722429	97.0
1991,722430	97.0
1991,722435	97.0
1991,722436	96.1
1991,722439	84.9
1991,722445	99.0
1991,722446	98.1
1991,722447	66.9
1991,722448	98.1
1991,722453	79.0
1991,722470	97.0
1991,722500	99.0
1991,722505	102.0
1991,722506	104.0
1991,722510	99.0
1991,722515	98.1
1991,722516	102.0
1991,722517	102.9
1991,722520	105.1
1991,722524	79.0
1991,722526	106.0
1991,722530	102.0
1991,722533	100.9
1991,722535	102.0
1991,722536	100.9
1991,722537	97.0
1991,722540	102.0
1991,722545	100.9
1991,722550	99.0
1991,722555	95.0
1991,722556	104.0
1991,722560	100.9
1991,722570	99.0
1991,722575	96.1
1991,722576	100.0
1991,722577	98.1
1991,722583	102.9
1991,722585	100.9
1991,722587	82.9
1991,722588	100.0
1991,722590	99.0
1991,722594	99.0
1991,722595	100.9
1991,722596	100.9
1991,722597	100.9
1991,722598	105.1
1991,722599	91.0
1991,722600	98.1
1991,722610	104.0
1991,722615	107.1
1991,722620	98.1
1991,722630	100.9
1991,722636	97.0
1991,722640	95.0
1991,722650	100.0
1991,722656	106.0
1991,722660	100.0
1991,722670	99.0
1991,722673	98.1
1991,722675	102.0
1991,722700	105.1
1991,723510	105.1
1991,723604	100.0
1991,723630	98.1
1991,747300	100.9
1991,747400	100.0
1991,994110	85.3
1991,994260	102.6
1991,994510	85.1
1992,690190	81.0
1992,722337	86.0
1992,722410	93.9
1992,722420	97.0
1992,722429	95.9
1992,722430	97.0
1992,722435	97.0
1992,722436	99.0
1992,722439	90.9
1992,722445	100.9
1992,722446	95.0
1992,722448	97.9
1992,722453	90.0
1992,722470	97.0
1992,722499	97.0
1992,722500	99.0
1992,722505	100.9
1992,722506	102.9
1992,722510	97.0
1992,722515	97.9
1992,722516	100.9
1992,722517	100.9
1992,722520	106.9
1992,722524	88.9
1992,722526	106.9
1992,722530	99.0
1992,722533	97.0
1992,722535	97.9
1992,722536	99.0
1992,722537	97.0
1992,722540	100.0
1992,722545	98.1
1992,722546	97.0
1992,722547	97.0
1992,722550	99.0
1992,722555	95.0
1992,722556	102.9
1992,722560	100.9
1992,722563	97.0
1992,722570	98.1
1992,722575	95.9
1992,722576	99.0
1992,722577	97.9
1992,722583	97.9
1992,722585	98.1
1992,722588	97.0
1992,722590	98.1
1992,722594	97.9
1992,722595	100.9
1992,722596	99.9
1992,722597	99.0
1992,722598	101.8
1992,722599	97.0
1992,722600	95.0
1992,722610	104.9
1992,722615	104.9
1992,722620	101.8
1992,722630	105.1
1992,722636	99.9
1992,722640	95.0
1992,722650	102.0
1992,722656	104.0
1992,722660	98.1
1992,722670	102.9
1992,722673	96.1
1992,722675	106.0
1992,722700	107.1
1992,723510	100.9
1992,723604	102.9
1992,723630	100.9
1992,747300	104.0
1992,747400	101.8
1992,994110	86.5
1992,994260	91.9
1993,690190	106.0
1993,722337	92.8
1993,722410	98.1
1993,722420	93.9
1993,722429	99.0
1993,722430	100.0
1993,722435	97.0
1993,722436	99.0
1993,722445	100.9
1993,722446	100.0
1993,722448	100.9
1993,722453	91.9
1993,722470	99.9
1993,722499	100.9
1993,722500	98.1
1993,722505	99.9
1993,722506	100.9
1993,722510	98.1
1993,722515	93.9
1993,722516	102.0
1993,722517	99.9
1993,722520	108.0
1993,722524	88.9
1993,722526	104.9
1993,722530	99.0
1993,722533	99.0
1993,722535	99.9
1993,722536	99.9
1993,722540	100.0
1993,722545	101.8
1993,722546	97.9
1993,722547	99.0
1993,722550	100.0
1993,722555	95.0
1993,722560	100.0
1993,722563	99.9
1993,722570	100.9
1993,722575	99.0
1993,722576	100.9
1993,722577	99.9
1993,722583	104.0
1993,722585	102.9
1993,722587	100.9
1993,722588	102.9
1993,722590	102.9
1993,722594	102.9
1993,722595	102.9
1993,722596	104.0
1993,722597	106.0
1993,722598	100.9
1993,722599	102.9
1993,722600	102.0
1993,722610	106.9
1993,722615	104.9
1993,722620	97.0
1993,722630	105.1
1993,722636	97.0
1993,722640	93.9
1993,722650	100.9
1993,722656	104.0
1993,722660	102.0
1993,722670	100.0
1993,722673	102.9
1993,722675	104.0
1993,722700	105.1
1993,723510	104.0
1993,723604	106.9
1993,723630	99.0
1993,747300	102.9
1993,747400	106.0
1993,994110	85.8
1993,994260	91.8
1994,690190	111.9
1994,722410	97.0
1994,722420	95.4
1994,722429	99.0
1994,722430	100.9
1994,722435	97.0
1994,722436	97.9
1994,722445	101.8
1994,722446	97.0
1994,722448	97.9
1994,722453	88.9
1994,722470	97.0
1994,722499	95.9
1994,722500	99.9
1994,722505	99.9
1994,722506	104.0
1994,722510	97.0
1994,722515	93.0
1994,722516	100.0
1994,722517	102.9
1994,722520	106.0
1994,722524	90.9
1994,722526	108.0
1994,722530	104.0
1994,722533	100.9
1994,722535	99.9
1994,722536	101.8
1994,722540	104.0
1994,722545	102.9
1994,722546	99.9
1994,722547	100.9
1994,722550	98.1
1994,722555	93.9
1994,722560	102.0
1994,722563	100.9
1994,722570	101.8
1994,722575	101.8
1994,722576	104.9
1994,722577	100.9
1994,722583	102.9
1994,722585	102.0
1994,722587	93.9
1994,722588	99.0
1994,722590	102.9
1994,722594	102.9
1994,722595	104.0
1994,722596	104.0
1994,722597	106.0
1994,722598	100.9
1994,722599	101.8
1994,722600	88.9
1994,722610	108.0
1994,722615	108.0
1994,722620	104.9
1994,722630	109.9
1994,722636	104.9
1994,722640	102.9
1994,722650	116.1
1994,722656	117.0
1994,722660	109.0
1994,722670	114.1
1994,722673	99.9
1994,722675	115.9
1994,722700	114.1
1994,723510	113.0
1994,723604	117.0
1994,723630	107.1
1994,747300	108.9
1994,747400	106.0
1994,994110	86.4
1994,994260	90.0
1995,690190	108.0
1995,722410	97.0
1995,722420	99.0
1995,722429	100.9
1995,722430	102.9
1995,722435	97.9
1995,722436	90.0
1995,722445	102.9
1995,722446	102.0
1995,722448	101.8
1995,722453	91.9
1995,722470	100.9
1995,722499	100.9
1995,722500	97.9
1995,722505	101.8
1995,722506	102.9
1995,722510	98.1
1995,722515	93.9
1995,722516	102.0
1995,722517	102.9
1995,722520	110.8
1995,722524	83.8
1995,722526	106.0
1995,722530	100.9
1995,722535	102.9
1995,722536	102.9
1995,722540	102.0
1995,722545	104.9
1995,722546	99.9
1995,722547	102.9
1995,722550	102.0
1995,722555	95.9
1995,722560	104.0
1995,722563	102.9
1995,722570	105.1
1995,722575	104.0
1995,722576	106.9
1995,722577	104.0
1995,722583	106.0
1995,722585	105.1
1995,722587	99.0
1995,722588	104.0
1995,722590	104.0
1995,722594	106.9
1995,722595	106.9
1995,722596	106.0
1995,722597	106.0
1995,722598	106.0
1995,722599	106.0
1995,722610	108.0
1995,722615	110.8
1995,722620	102.9
1995,722630	107.1
1995,722636	101.8
1995,722640	95.9
1995,722650	105.1
1995,722656	108.0
1995,722660	105.1
1995,722670	105.1
1995,722673	104.0
1995,722675	108.9
1995,722700	107.1
1995,723510	106.0
1995,723604	108.9
1995,723630	104.0
1995,747300	108.0
1995,747400	106.9
1995,994110	88.3
1995,994260	92.8
1996,690190	105.8
1996,722410	95.0
1996,722420	91.4
1996,722429	102.2
1996,722430	98.1
1996,722435	100.4
1996,722436	96.8
1996,722445	104.0
1996,722446	100.9
1996,722448	100.4
1996,722453	88.0
1996,722470	100.4
1996,722499	98.6
1996,722500	97.0
1996,722505	100.4
1996,722506	104.0
1996,722510	99.0
1996,722515	93.2
1996,722516	102.0
1996,722517	104.0
1996,722518	93.2
1996,722520	105.8
1996,722524	95.0
1996,722526	107.6
1996,722530	102.2
1996,722533	104.0
1996,722535	104.0
1996,722536	104.0
1996,722540	100.9
1996,722545	97.9
1996,722546	99.9
1996,722547	99.9
1996,722550	100.0
1996,722555	93.2
1996,722560	102.9
1996,722563	100.4
1996,722570	102.2
1996,722575	102.2
1996,722576	105.8
1996,722577	102.2
1996,722583	107.6
1996,722585	106.0
1996,722587	96.8
1996,722588	100.9
1996,722590	105.1
1996,722594	105.8
1996,722595	106.0
1996,722596	107.6
1996,722597	105.8
1996,722598	105.8
1996,722599	104.0
1996,722610	106.0
1996,722615	109.9
1996,722620	99.0
1996,722630	105.1
1996,722636	101.8
1996,722640	97.0
1996,722650	106.0
1996,722656	108.9
1996,722660	102.9
1996,722670	105.1
1996,722673	104.0
1996,722675	108.0
1996,722700	107.1
1996,723510	109.0
1996,723513	105.8
1996,723604	106.9
1996,723630	102.9
1996,747300	106.0
1996,747400	104.0
1996,994110	85.1
1996,994260	89.6
1997,690190	104.0
1997,722410	96.1
1997,722420	93.2
1997,722429	100.4
1997,722430	98.6
1997,722435	96.8
1997,722436	96.8
1997,722445	102.2
1997,722446	98.6
1997,722448	102.2
1997,722453	66.2
1997,722470	102.2
1997,722499	98.6
1997,722500	97.0
1997,722505	100.4
1997,722506	102.2
1997,722510	100.0
1997,722515	93.0
1997,722516	102.2
1997,722517	104.0
1997,722518	102.2
1997,722520	104.0
1997,722524	93.2
1997,722526	105.8
1997,722530	102.0
1997,722533	102.2
1997,722535	104.0
1997,722536	100.4
1997,722540	98.6
1997,722541	89.6
1997,722542	98.6
1997,722543	102.2
1997,722547	96.8
1997,722550	100.0
1997,722555	95.0
1997,722560	100.9
1997,722563	98.6
1997,722570	105.8
1997,722575	100.4
1997,722576	104.0
1997,722577	100.4
1997,722583	102.2
1997,722585	100.0
1997,722587	98.6
1997,722588	100.4
1997,722590	100.0
1997,722594	100.4
1997,722595	100.0
1997,722596	105.8
1997,722597	104.0
1997,722598	104.0
1997,722599	100.4
1997,722610	104.0
1997,722615	107.6
1997,722630	100.9
1997,722636	100.4
1997,722640	96.8
1997,722650	100.9
1997,722654	98.6
1997,722656	105.8
1997,722660	100.4
1997,722670	99.0
1997,722673	102.2
1997,722675	93.2
1997,722700	104.0
1997,723510	102.9
1997,723604	98.6
1997,723630	99.0
1997,747300	78.8
1997,747400	73.0
1997,994110	86.9
1997,994260	92.3
1998,690190	111.2
1998,722410	98.1
1998,722420	96.1
1998,722429	105.8
1998,722430	102.9
1998,722435	102.2
1998,722436	102.2
1998,722445	107.1
1998,722446	107.6
1998,722448	105.8
1998,722453	86.0
1998,722470	106.0
1998,722499	105.8
1998,722500	100.0
1998,722505	102.9
1998,722506	109.9
1998,722510	104.0
1998,722515	102.9
1998,722516	115.3
1998,722517	111.7
1998,722520	113.0
1998,722523	107.6
1998,722524	98.1
1998,722526	111.9
1998,722527	90.0
1998,722530	107.1
1998,722533	106.0
1998,722535	109.4
1998,722536	109.4
1998,722539	105.8
1998,722540	107.1
1998,722541	111.0
1998,722542	102.0
1998,722543	107.6
1998,722545	109.0
1998,722547	102.2
1998,722550	105.1
1998,722555	96.8
1998,722560	108.0
1998,722563	105.8
1998,722570	107.6
1998,722575	105.8
1998,722576	105.8
1998,722577	105.8
1998,722583	109.0
1998,722585	64.4
1998,722587	105.8
1998,722588	109.4
1998,722589	109.4
1998,722590	109.9
1998,722594	109.9
1998,722595	108.0
1998,722596	111.9
1998,722597	108.9
1998,722598	109.4
1998,722599	109.9
1998,722610	108.0
1998,722615	111.2
1998,722618	109.4
1998,722630	106.0
1998,722636	105.8
1998,722640	102.2
1998,722650	109.9
1998,722656	111.6
1998,722660	106.0
1998,722670	107.1
1998,722673	107.6
1998,722700	107.1
1998,723510	109.0
1998,723604	113.0
1998,723630	108.0
1998,747300	91.4
1998,747400	105.1
1998,994110	90.0
1998,994260	93.2
1999,690190	107.6
1999,722410	100.9
1999,722416	105.8
1999,722420	96.8
1999,722429	113.0
1999,722430	105.1
1999,722435	100.9
1999,722436	100.4
1999,722444	105.1
1999,722445	107.1
1999,722446	104.0
1999,722447	105.8
1999,722448	104.0
1999,722469	105.1
1999,722470	105.1
1999,722479	105.8
1999,722489	105.1
1999,722499	104.0
1999,722500	100.9
1999,722505	102.9
1999,722506	109.9
1999,722510	100.0
1999,722515	93.9
1999,722516	107.1
1999,722517	109.4
1999,722520	108.7
1999,722523	105.1
1999,722524	95.0
1999,722526	107.1
1999,722527	100.4
1999,722530	102.0
1999,722533	104.0
1999,722535	104.0
1999,722536	104.0
1999,722539	105.8
1999,722540	104.0
1999,722541	107.6
1999,722542	102.2
1999,722543	105.8
1999,722545	93.9
1999,722547	102.2
1999,722550	102.0
1999,722555	97.0
1999,722560	105.1
1999,722563	104.0
1999,722570	107.6
1999,722575	104.0
1999,722576	105.8
1999,722577	102.2
1999,722583	105.8
1999,722587	104.0
1999,722588	105.8
1999,722589	109.0
1999,722590	106.0
1999,722594	108.0
1999,722595	107.6
1999,722596	107.1
1999,722597	108.7
1999,722598	105.8
1999,722599	105.1
1999,722610	104.0
1999,722615	107.6
1999,722618	104.0
1999,722620	104.0
1999,722630	102.9
1999,722636	100.4
1999,722640	98.6
1999,722650	104.0
1999,722656	108.5
1999,722660	102.9
1999,722670	100.4
1999,722673	107.6
1999,722700	106.0
1999,723510	108.0
1999,723513	105.8
1999,723604	105.1
1999,723630	97.0
1999,723635	104.0
1999,747300	78.8
1999,747400	102.0
1999,994110	90.7
1999,994260	94.8
2000,690190	113.0
2000,722410	108.0
2000,722416	111.9
2000,722420	104.0
2000,722429	111.0
2000,722430	109.0
2000,722435	108.1
2000,722436	107.6
2000,722444	109.9
2000,722445	111.9
2000,722446	109.9
2000,722447	109.9
2000,722448	109.0
2000,722453	57.2
2000,722469	109.9
2000,722470	109.0
2000,722479	109.9
2000,722489	109.9
2000,722499	109.4
2000,722500	105.1
2000,722505	107.6
2000,722506	107.1
2000,722510	109.0
2000,722515	106.0
2000,722516	109.9
2000,722517	111.0
2000,722520	110.5
2000,722523	111.9
2000,722524	107.1
2000,722526	111.9
2000,722527	108.0
2000,722530	111.0
2000,722533	111.9
2000,722535	109.4
2000,722536	111.2
2000,722539	109.4
2000,722540	111.9
2000,722541	111.2
2000,722542	107.6
2000,722543	107.6
2000,722544	109.9
2000,722547	109.4
2000,722550	111.0
2000,722555	105.8
2000,722560	111.0
2000,722563	109.4
2000,722570	107.6
2000,722575	109.4
2000,722576	109.4
2000,722577	109.4
2000,722583	109.9
2000,722587	107.6
2000,722588	111.2
2000,722589	109.9
2000,722590	111.0
2000,722594	111.2
2000,722595	107.6
2000,722596	111.9
2000,722597	111.0
2000,722598	111.2
2000,722599	109.0
2000,722610	109.9
2000,722615	113.0
2000,722618	108.0
2000,722620	100.9
2000,722630	109.0
2000,722636	102.2
2000,722640	98.6
2000,722650	108.0
2000,722656	111.0
2000,722660	109.4
2000,722670	109.0
2000,722673	109.4
2000,722700	102.9
2000,723510	111.0
2000,723513	109.4
2000,723604	111.9
2000,723630	105.1
2000,723635	105.1
2000,747400	107.1
2000,994110	91.4
2000,994260	100.9
2001,690190	105.8
2001,722410	96.1
2001,722416	102.2
2001,722420	93.0
2001,722427	96.8
2001,722429	100.0
2001,722430	100.9
2001,722435	97.0
2001,722436	96.8
2001,722444	99.0
2001,722445	105.1
2001,722446	100.0
2001,722447	99.0
2001,722448	102.0
2001,722469	104.0
2001,722470	98.6
2001,722479	102.9
2001,722489	102.9
2001,722499	100.4
2001,722500	102.0
2001,722505	102.0
2001,722506	102.9
2001,722508	97.0
2001,722510	99.0
2001,722515	95.0
2001,722516	102.0
2001,722517	104.0
2001,722520	104.7
2001,722523	104.0
2001,722524	93.9
2001,722526	107.6
2001,722527	96.1
2001,722530	102.0
2001,722533	104.0
2001,722535	105.8
2001,722536	102.2
2001,722539	102.2
2001,722540	105.1
2001,722541	102.9
2001,722542	100.9
2001,722543	100.0
2001,722544	105.1
2001,722547	100.4
2001,722550	102.0
2001,722555	95.0
2001,722560	106.0
2001,722563	102.2
2001,722570	100.4
2001,722575	102.2
2001,722576	102.2
2001,722577	102.2
2001,722583	104.0
2001,722587	100.4
2001,722588	100.4
2001,722589	102.9
2001,722590	102.0
2001,722593	60.8
2001,722594	105.1
2001,722595	105.1
2001,722596	104.0
2001,722597	107.1
2001,722598	104.0
2001,722599	102.0
2001,722610	106.0
2001,722615	111.2
2001,722616	105.1
2001,722618	105.1
2001,722620	99.0
2001,722630	105.1
2001,722636	102.9
2001,722640	98.6
2001,722648	105.1
2001,722650	105.1
2001,722656	108.0
2001,722660	104.0
2001,722670	105.1
2001,722673	102.2
2001,722700	102.0
2001,723510	108.0
2001,723604	107.6
2001,723630	104.0
2001,723635	105.8
2001,747400	104.0
2001,994110	85.5
2001,994260	90.5
2002,690190	102.2
2002,722410	97.0
2002,722416	100.9
2002,722420	93.9
2002,722427	97.0
2002,722429	97.0
2002,722430	100.0
2002,722435	97.0
2002,722436	98.6
2002,722444	100.0
2002,722445	100.9
2002,722446	99.0
2002,722447	98.1
2002,722448	100.0
2002,722469	100.0
2002,722470	100.0
2002,722479	100.0
2002,722489	100.0
2002,722499	98.6
2002,722500	100.9
2002,722505	102.0
2002,722506	102.9
2002,722508	100.4
2002,722510	102.0
2002,722515	96.8
2002,722516	100.9
2002,722517	104.0
2002,722520	107.6
2002,722523	100.0
2002,722524	99.0
2002,722526	109.0
2002,722527	98.1
2002,722530	100.0
2002,722533	100.0
2002,722535	104.0
2002,722536	100.4
2002,722537	98.6
2002,722539	100.4
2002,722540	102.0
2002,722541	100.4
2002,722542	118.0
2002,722543	100.9
2002,722544	102.0
2002,722547	100.4
2002,722550	100.0
2002,722552	98.6
2002,722553	102.2
2002,722554	98.6
2002,722555	97.0
2002,722560	102.0
2002,722563	100.4
2002,722570	98.6
2002,722575	102.2
2002,722576	102.2
2002,722577	100.4
2002,722583	100.9
2002,722587	98.6
2002,722588	95.0
2002,722589	102.0
2002,722590	100.0
2002,722593	102.2
2002,722594	100.9
2002,722595	102.2
2002,722596	102.0
2002,722597	104.0
2002,722598	102.2
2002,722599	99.0
2002,722610	107.1
2002,722615	111.2
2002,722616	106.0
2002,722618	104.0
2002,722620	102.0
2002,722630	106.0
2002,722636	102.0
2002,722640	98.6
2002,722648	102.9
2002,722650	106.0
2002,722656	113.0
2002,722660	102.0
2002,722666	82.4
2002,722670	102.0
2002,722673	100.4
2002,722700	104.0
2002,723510	104.0
2002,723604	102.9
2002,723630	99.0
2002,723635	104.0
2002,747400	102.9
2002,994110	88.3
2002,994260	93.2
2002,994510	64.4
2003,690190	107.6
2003,722410	99.0
2003,722416	104.0
2003,722420	95.0
2003,722427	100.9
2003,722429	102.2
2003,722430	104.0
2003,722435	102.0
2003,722436	105.8
2003,722444	102.9
2003,722445	102.9
2003,722446	100.0
2003,722447	104.0
2003,722448	100.9
2003,722469	105.1
2003,722470	102.0
2003,722479	106.0
2003,722489	108.0
2003,722499	98.6
2003,722500	104.0
2003,722505	104.0
2003,722506	106.0
2003,722508	98.6
2003,722510	100.9
2003,722515	95.0
2003,722516	104.0
2003,722517	106.0
2003,722520	109.4
2003,722523	102.0
2003,722524	95.0
2003,722526	108.0
2003,722527	97.0
2003,722530	102.9
2003,722533	100.0
2003,722535	105.8
2003,722536	100.4
2003,722537	104.0
2003,722539	105.8
2003,722540	109.9
2003,722541	109.4
2003,722542	107.1
2003,722543	102.0
2003,722544	109.9
2003,722547	109.4
2003,722550	100.9
2003,722552	111.2
2003,722553	105.8
2003,722554	105.8
2003,722555	93.9
2003,722560	105.1
2003,722563	105.8
2003,722570	107.6
2003,722575	107.6
2003,722576	107.6
2003,722577	107.6
2003,722583	109.0
2003,722587	100.4
2003,722588	105.8
2003,722589	107.6
2003,722590	109.0
2003,722593	107.6
2003,722594	107.6
2003,722595	109.0
2003,722596	109.0
2003,722597	109.0
2003,722598	109.4
2003,722599	105.8
2003,722600	104.0
2003,722610	107.6
2003,722615	109.4
2003,722616	107.1
2003,722618	106.0
2003,722620	100.9
2003,722630	108.0
2003,722636	104.0
2003,722637	105.8
2003,722640	96.8
2003,722648	107.1
2003,722650	106.0
2003,722656	114.1
2003,722660	107.1
2003,722666	111.2
2003,722670	105.1
2003,722673	89.6
2003,722700	106.0
2003,723510	109.9
2003,723604	107.1
2003,723630	105.1
2003,723635	107.1
2003,747400	106.0
2003,994110	88.3
2003,994260	91.4
2004,690190	107.6
2004,690290	91.4
2004,720110	100.4
2004,720150	98.6
2004,720151	100.4
2004,720261	96.8
2004,720269	100.4
2004,720271	104.0
2004,720273	98.6
2004,720276	100.4
2004,720281	107.6
2004,720286	100.4
2004,720287	98.6
2004,720291	98.6
2004,720295	100.4
2004,720296	98.6
2004,720298	98.6
2004,720299	98.6
2004,720302	98.6
2004,720303	100.4
2004,720305	96.8
2004,720311	98.6
2004,720314	104.0
2004,720315	105.8
2004,720316	98.6
2004,720318	104.0
2004,720320	98.6
2004,720323	98.6
2004,722042	93.2
2004,722094	98.6
2004,722102	96.8
2004,722107	104.0
2004,722112	95.0
2004,722113	98.6
2004,722122	100.4
2004,722143	96.8
2004,722159	102.2
2004,722169	107.6
2004,722174	100.4
2004,722192	98.6
2004,722202	102.2
2004,722209	96.8
2004,722214	98.6
2004,722323	82.4
2004,722324	73.4
2004,722338	100.4
2004,722351	80.6
2004,722410	99.0
2004,722416	98.1
2004,722420	97.0
2004,722427	97.0
2004,722429	97.0
2004,722430	100.0
2004,722435	97.0
2004,722436	98.6
2004,722444	98.1
2004,722445	99.0
2004,722446	97.0
2004,722447	99.0
2004,722448	99.0
2004,722453	100.4
2004,722469	100.9
2004,722470	100.0
2004,722479	98.1
2004,722489	97.0
2004,722499	98.6
2004,722500	99.0
2004,722505	100.4
2004,722506	102.9
2004,722508	98.1
2004,722510	98.1
2004,722515	100.0
2004,722516	99.0
2004,722517	100.9
2004,722520	109.4
2004,722523	100.0
2004,722524	95.0
2004,722526	106.0
2004,722527	97.0
2004,722530	104.0
2004,722533	100.0
2004,722535	100.4
2004,722536	100.4
2004,722537	100.4
2004,722539	100.4
2004,722540	100.9
2004,722541	99.0
2004,722542	100.4
2004,722543	97.0
2004,722544	100.9
2004,722547	102.2
2004,722550	97.0
2004,722552	98.6
2004,722553	98.6
2004,722554	98.6
2004,722555	97.0
2004,722560	100.9
2004,722563	100.4
2004,722570	102.2
2004,722575	100.4
2004,722576	102.2
2004,722577	102.2
2004,722583	102.0
2004,722587	98.6
2004,722588	100.4
2004,722589	99.0
2004,722590	100.0
2004,722593	96.8
2004,722594	100.0
2004,722595	102.2
2004,722596	99.0
2004,722597	99.0
2004,722598	100.4
2004,722599	98.6
2004,722600	100.4
2004,722610	107.1
2004,722615	105.8
2004,722616	105.1
2004,722618	107.1
2004,722620	100.9
2004,722630	106.0
2004,722636	99.0
2004,722637	102.2
2004,722640	96.8
2004,722648	102.9
2004,722650	102.9
2004,722656	111.0
2004,722660	102.9
2004,722666	102.2
2004,722670	102.0
2004,722700	102.9
2004,723510	104.0
2004,723513	84.2
2004,723604	102.0
2004,723630	100.9
2004,723635	102.9
2004,747335	95.0
2004,747355	75.2
2004,747400	104.0
2004,994110	88.5
2004,994260	95.2
2004,994730	92.3
2004,999999	104.4
2005,690190	107.6
2005,720110	107.6
2005,720151	102.2
2005,720261	98.6
2005,720269	105.8
2005,720271	104.0
2005,720273	100.4
2005,720276	102.2
2005,720281	105.8
2005,720286	104.0
2005,720287	100.4
2005,720291	100.4
2005,720295	104.0
2005,720296	100.4
2005,720298	98.6
2005,720299	100.4
2005,720302	100.4
2005,720303	105.8
2005,720305	102.2
2005,720311	104.0
2005,720314	104.0
2005,720315	102.2
2005,720316	131.0
2005,720318	105.8
2005,720320	105.8
2005,720323	102.2
2005,722008	98.6
2005,722042	102.2
2005,722094	102.2
2005,722107	102.2
2005,722112	102.2
2005,722113	105.8
2005,722122	102.2
2005,722143	107.6
2005,722159	104.0
2005,722169	109.4
2005,722174	98.6
2005,722192	102.2
2005,722202	105.8
2005,722209	102.2
2005,722214	104.0
2005,722323	107.6
2005,722324	105.8
2005,722338	104.0
2005,722351	100.4
2005,722362	102.2
2005,722363	102.2
2005,722410	100.9
2005,722416	106.0
2005,722420	100.9
2005,722427	100.4
2005,722429	102.9
2005,722430	100.0
2005,722435	100.0
2005,722436	104.0
2005,722444	102.0
2005,722445	105.1
2005,722446	104.0
2005,722447	102.2
2005,722448	100.9
2005,722453	93.2
2005,722469	108.0
2005,722470	100.9
2005,722479	104.0
2005,722489	102.9
2005,722499	102.2
2005,722500	104.0
2005,722505	105.1
2005,722506	106.0
2005,722508	100.0
2005,722510	106.0
2005,722515	104.0
2005,722516	106.0
2005,722517	106.0
2005,722520	109.9
2005,722523	104.0
2005,722524	102.9
2005,722526	109.0
2005,722527	100.9
2005,722530	105.1
2005,722533	102.9
2005,722535	107.6
2005,722536	104.0
2005,722537	102.2
2005,722539	105.8
2005,722540	108.0
2005,722541	102.0
2005,722542	107.1
2005,722543	100.4
2005,722544	107.1
2005,722547	105.8
2005,722550	104.0
2005,722552	100.4
2005,722553	104.0
2005,722554	104.0
2005,722555	100.9
2005,722560	108.0
2005,722563	107.6
2005,722570	104.0
2005,722575	105.8
2005,722576	104.0
2005,722577	105.8
2005,722583	105.1
2005,722587	102.2
2005,722588	104.0
2005,722589	104.0
2005,722590	102.9
2005,722593	104.0
2005,722594	105.8
2005,722595	104.0
2005,722596	105.1
2005,722597	107.1
2005,722598	102.2
2005,722599	104.0
2005,722600	104.0
2005,722610	107.1
2005,722615	107.6
2005,722616	105.8
2005,722618	107.1
2005,722620	102.0
2005,722630	107.1
2005,722636	104.0
2005,722637	98.6
2005,722640	100.4
2005,722648	106.0
2005,722650	106.0
2005,722656	114.1
2005,722660	105.1
2005,722666	105.8
2005,722670	102.9
2005,722700	107.1
2005,723510	105.1
2005,723604	106.0
2005,723628	105.8
2005,723629	98.6
2005,723630	102.0
2005,723635	102.2
2005,723761	105.8
2005,724462	100.4
2005,726388	100.4
2005,747335	104.0
2005,747355	104.0
2005,747400	107.1
2005,994037	91.4
2005,994110	93.7
2005,994260	95.2
2005,997361	93.0
2005,997363	91.6
2005,997364	101.8
2005,997366	89.1
2005,997368	98.2
2005,997369	98.1
2005,997370	95.4
2005,999999	109.9
2006,690190	105.8
2006,720110	105.8
2006,720151	96.8
2006,720261	105.8
2006,720269	111.2
2006,720271	100.4
2006,720273	96.8
2006,720276	105.8
2006,720281	107.6
2006,720286	104.0
2006,720287	105.8
2006,720291	107.6
2006,720295	104.0
2006,720296	96.8
2006,720298	102.2
2006,720299	105.8
2006,720302	104.0
2006,720303	102.2
2006,720305	104.0
2006,720311	104.0
2006,720314	104.0
2006,720315	105.8
2006,720316	100.4
2006,720318	107.6
2006,720320	105.8
2006,720323	100.4
2006,722008	91.4
2006,722042	105.8
2006,722094	105.8
2006,722107	105.8
2006,722112	105.8
2006,722113	104.0
2006,722122	100.4
2006,722143	105.8
2006,722159	100.4
2006,722169	111.2
2006,722174	100.4
2006,722192	104.0
2006,722202	104.0
2006,722209	98.6
2006,722214	104.0
2006,722323	104.0
2006,722324	102.2
2006,722338	105.8
2006,722351	98.6
2006,722362	105.8
2006,722363	100.4
2006,722410	97.0
2006,722416	102.9
2006,722420	96.1
2006,722427	99.0
2006,722429	98.6
2006,722430	100.0
2006,722435	99.0
2006,722436	109.4
2006,722444	100.4
2006,722445	100.0
2006,722446	102.9
2006,722447	100.9
2006,722448	105.1
2006,722453	80.6
2006,722469	105.8
2006,722470	104.0
2006,722479	106.0
2006,722489	107.1
2006,722499	102.2
2006,722500	99.0
2006,722505	100.9
2006,722506	102.0
2006,722508	98.6
2006,722510	102.0
2006,722515	95.0
2006,722516	107.1
2006,722517	106.0
2006,722520	111.2
2006,722523	104.0
2006,722524	99.0
2006,722526	107.1
2006,722527	99.0
2006,722530	102.0
2006,722533	102.9
2006,722535	104.0
2006,722536	100.4
2006,722537	100.4
2006,722539	102.2
2006,722540	104.0
2006,722541	106.0
2006,722542	100.9
2006,722543	100.4
2006,722544	104.0
2006,722547	102.2
2006,722550	100.0
2006,722552	107.6
2006,722553	100.4
2006,722554	102.2
2006,722555	98.1
2006,722560	106.0
2006,722563	105.8
2006,722570	102.2
2006,722575	102.2
2006,722576	105.1
2006,722577	104.0
2006,722583	107.1
2006,722587	105.8
2006,722588	104.0
2006,722589	107.6
2006,722590	107.1
2006,722593	104.0
2006,722594	106.0
2006,722595	107.1
2006,722596	106.0
2006,722597	106.0
2006,722598	104.0
2006,722599	106.0
2006,722600	104.0
2006,722610	105.1
2006,722615	105.8
2006,722616	104.0
2006,722618	105.1
2006,722620	102.0
2006,722630	107.1
2006,722636	106.0
2006,722637	104.0
2006,722640	98.6
2006,722648	105.1
2006,722650	105.1
2006,722654	104.0
2006,722656	114.1
2006,722660	104.0
2006,722666	105.8
2006,722670	104.0
2006,722700	106.0
2006,723510	109.0
2006,723604	105.1
2006,723628	100.4
2006,723629	95.0
2006,723630	102.0
2006,723635	106.0
2006,723761	100.4
2006,724462	102.2
2006,747335	100.4
2006,747355	102.2
2006,747400	102.9
2006,994110	87.8
2006,994260	91.2
2006,997361	91.8
2006,997363	91.4
2006,997364	103.6
2006,997366	89.4
2006,997369	91.8
2006,997370	96.1
2006,997729	77.4
2006,999999	111.9
2007,690190	98.6
2007,720110	100.4
2007,720151	96.8
2007,720261	100.4
2007,720269	98.6
2007,720271	102.2
2007,720273	98.6
2007,720276	100.4
2007,720281	104.0
2007,720286	100.4
2007,720287	98.6
2007,720291	105.8
2007,720295	98.6
2007,720296	100.4
2007,720298	98.6
2007,720299	102.2
2007,720302	100.4
2007,720303	98.6
2007,720305	98.6
2007,720311	98.6
2007,720314	102.2
2007,720315	102.2
2007,720316	102.2
2007,720318	102.2
2007,720320	100.4
2007,720323	98.6
2007,720391	98.6
2007,720393	104.0
2007,720395	98.6
2007,720396	91.4
2007,720403	96.8
2007,720404	82.4
2007,722008	87.8
2007,722042	98.6
2007,722094	100.4
2007,722107	102.2
2007,722112	100.4
2007,722113	98.6
2007,722122	96.8
2007,722143	96.8
2007,722159	98.6
2007,722169	107.6
2007,722174	95.0
2007,722192	93.2
2007,722202	96.8
2007,722209	100.4
2007,722214	104.0
2007,722323	100.4
2007,722324	100.4
2007,722338	98.6
2007,722351	104.0
2007,722362	100.4
2007,722363	93.2
2007,722369	91.4
2007,722410	102.0
2007,722416	100.0
2007,722420	99.0
2007,722427	100.9
2007,722429	100.9
2007,722430	102.0
2007,722435	102.0
2007,722436	100.4
2007,722444	100.4
2007,722445	102.0
2007,722446	100.0
2007,722447	104.0
2007,722448	100.0
2007,722453	75.2
2007,722469	100.9
2007,722470	100.0
2007,722479	102.0
2007,722489	102.2
2007,722499	102.2
2007,722500	99.0
2007,722505	97.0
2007,722506	100.9
2007,722508	98.1
2007,722510	98.1
2007,722515	98.1
2007,722516	97.0
2007,722517	99.0
2007,722520	107.6
2007,722523	99.0
2007,722524	99.0
2007,722526	100.0
2007,722527	100.4
2007,722530	98.1
2007,722533	98.1
2007,722535	96.8
2007,722536	97.5
2007,722537	96.8
2007,722539	100.4
2007,722540	100.0
2007,722541	102.0
2007,722542	97.0
2007,722543	102.2
2007,722544	100.0
2007,722547	100.4
2007,722550	100.0
2007,722552	98.6
2007,722553	98.6
2007,722554	98.6
2007,722555	100.0
2007,722560	102.0
2007,722561	102.2
2007,722563	102.2
2007,722570	106.0
2007,722575	98.6
2007,722576	98.6
2007,722577	100.4
2007,722583	102.0
2007,722587	100.4
2007,722588	98.6
2007,722589	102.9
2007,722590	104.0
2007,722593	98.6
2007,722594	102.9
2007,722595	102.0
2007,722596	102.0
2007,722597	102.0
2007,722598	100.4
2007,722599	102.0
2007,722600	98.6
2007,722610	98.1
2007,722615	98.6
2007,722616	102.0
2007,722618	102.2
2007,722620	100.9
2007,722630	98.1
2007,722636	105.1
2007,722637	104.0
2007,722640	98.6
2007,722648	102.0
2007,722650	102.0
2007,722654	102.0
2007,722656	109.9
2007,722660	97.0
2007,722666	100.4
2007,722670	98.1
2007,722700	106.0
2007,723510	102.9
2007,723604	100.9
2007,723628	95.0
2007,723629	98.6
2007,723630	100.9
2007,723635	102.9
2007,723761	98.6
2007,724462	104.0
2007,747335	95.0
2007,747355	98.6
2007,747400	97.0
2007,994110	89.1
2007,994260	97.3
2007,997361	95.4
2007,997363	95.4
2007,997364	96.8
2007,997366	88.5
2007,997368	97.2
2007,997369	90.7
2007,997370	97.2
2007,997729	96.8
2007,998165	75.0
2007,999999	107.6
2008,690190	106.5
2008,720110	102.2
2008,720151	100.4
2008,720261	105.8
2008,720269	105.8
2008,720271	111.2
2008,720273	98.6
2008,720276	104.0
2008,720281	109.4
2008,720286	105.8
2008,720287	104.0
2008,720291	104.0
2008,720295	102.2
2008,720296	102.2
2008,720298	100.4
2008,720299	102.2
2008,720302	105.8
2008,720303	116.6
2008,720305	102.2
2008,720311	102.2
2008,720314	102.2
2008,720315	109.4
2008,720316	96.8
2008,720318	107.6
2008,720320	104.0
2008,720323	96.8
2008,720391	100.4
2008,720393	104.0
2008,720395	100.4
2008,720404	107.6
2008,720542	95.0
2008,720577	102.2
2008,720578	104.0
2008,720579	98.6
2008,720584	101.3
2008,720594	84.2
2008,722008	96.8
2008,722042	95.0
2008,722094	105.8
2008,722107	105.8
2008,722112	104.0
2008,722113	102.2
2008,722122	104.0
2008,722143	104.0
2008,722159	102.2
2008,722169	109.4
2008,722174	102.2
2008,722192	105.8
2008,722202	104.0
2008,722209	98.6
2008,722214	105.8
2008,722231	104.0
2008,722323	104.0
2008,722324	105.8
2008,722338	105.8
2008,722351	98.6
2008,722362	104.0
2008,722363	98.6
2008,722369	100.4
2008,722410	98.1
2008,722416	104.0
2008,722420	93.9
2008,722427	98.1
2008,722429	108.0
2008,722430	100.9
2008,722435	100.0
2008,722436	95.0
2008,722444	102.0
2008,722445	105.1
2008,722446	102.9
2008,722447	102.0
2008,722448	104.0
2008,722453	80.6
2008,722469	102.9
2008,722470	102.9
2008,722479	104.0
2008,722489	106.0
2008,722499	105.8
2008,722500	98.1
2008,722505	100.0
2008,722506	106.0
2008,722508	98.6
2008,722510	100.0
2008,722515	96.1
2008,722516	100.0
2008,722517	102.0
2008,722520	108.0
2008,722523	102.9
2008,722524	100.0
2008,722526	106.0
2008,722527	98.1
2008,722530	102.0
2008,722533	111.9
2008,722535	102.2
2008,722536	100.4
2008,722537	102.2
2008,722539	102.2
2008,722540	105.1
2008,722541	104.0
2008,722542	102.0
2008,722543	100.9
2008,722544	105.1
2008,722547	102.2
2008,722550	102.0
2008,722552	102.2
2008,722553	100.4
2008,722554	100.4
2008,722555	97.0
2008,722560	105.1
2008,722561	102.2
2008,722563	105.8
2008,722570	104.0
2008,722575	104.0
2008,722576	104.0
2008,722577	102.2
2008,722583	105.1
2008,722587	104.0
2008,722588	104.0
2008,722589	107.1
2008,722590	107.1
2008,722593	104.0
2008,722594	108.0
2008,722595	106.0
2008,722596	105.1
2008,722597	107.1
2008,722598	102.2
2008,722599	105.8
2008,722600	104.0
2008,722610	107.1
2008,722615	106.0
2008,722616	124.0
2008,722618	108.0
2008,722620	102.0
2008,722630	106.0
2008,722636	105.1
2008,722637	100.4
2008,722640	98.6
2008,722648	105.8
2008,722650	106.0
2008,722654	108.0
2008,722656	115.0
2008,722660	106.0
2008,722666	107.6
2008,722670	105.1
2008,722700	106.0
2008,723510	109.9
2008,723604	109.9
2008,723628	104.0
2008,723629	95.0
2008,723630	106.0
2008,723635	107.1
2008,723761	100.4
2008,724462	107.6
2008,747335	100.4
2008,747355	105.8
2008,747400	102.9
2008,994110	92.7
2008,994260	91.6
2008,997361	93.0
2008,997363	90.3
2008,997364	100.2
2008,997366	92.3
2008,997368	92.8
2008,997369	93.2
2008,997370	95.4
2008,997729	99.9
2008,998165	92.7
2008,998189	91.4
2008,998226	80.2
2008,999999	108.0
2009,690190	104.9
2009,720110	105.8
2009,720151	99.9
2009,720261	107.1
2009,720269	107.6
2009,720271	103.3
2009,720273	102.6
2009,720276	106.9
2009,720281	109.4
2009,720286	105.6
2009,720287	102.0
2009,720291	100.4
2009,720295	103.3
2009,720296	102.6
2009,720298	100.6
2009,720299	103.1
2009,720302	103.3
2009,720303	118.6
2009,720305	103.6
2009,720311	102.2
2009,720314	103.1
2009,720315	110.7
2009,720316	104.5
2009,720318	108.5
2009,720320	104.0
2009,720323	101.1
2009,720391	105.8
2009,720393	104.0
2009,720395	104.7
2009,720404	108.0
2009,720542	104.0
2009,720577	102.2
2009,720578	105.8
2009,720579	104.0
2009,720584	107.6
2009,720594	102.2
2009,720617	73.4
2009,720622	102.9
2009,720626	111.2
2009,720637	102.2
2009,720639	105.8
2009,720647	102.2
2009,720648	102.2
2009,720659	77.0
2009,720668	78.8
2009,720669	77.0
2009,722008	95.0
2009,722042	102.2
2009,722094	105.8
2009,722107	104.5
2009,722112	100.4
2009,722113	104.0
2009,722122	100.4
2009,722143	102.7
2009,722159	105.6
2009,722169	108.7
2009,722174	101.5
2009,722192	104.2
2009,722202	108.0
2009,722209	101.3
2009,722214	103.1
2009,722231	102.2
2009,722323	104.0
2009,722324	105.1
2009,722338	105.6
2009,722351	102.7
2009,722362	101.5
2009,722363	100.4
2009,722369	100.4
2009,722410	102.0
2009,722416	107.1
2009,722420	95.0
2009,722427	100.9
2009,722429	102.0
2009,722430	104.0
2009,722435	102.9
2009,722436	102.2
2009,722444	104.0
2009,722445	106.0
2009,722446	104.0
2009,722447	106.0
2009,722448	104.0
2009,722469	102.0
2009,722470	102.9
2009,722479	105.1
2009,722489	102.9
2009,722499	104.0
2009,722500	100.9
2009,722505	102.0
2009,722506	109.0
2009,722508	100.9
2009,722510	102.0
2009,722515	98.1
2009,722516	106.0
2009,722517	109.9
2009,722520	109.9
2009,722523	107.1
2009,722524	100.0
2009,722526	109.0
2009,722527	100.0
2009,722530	104.0
2009,722533	105.1
2009,722535	105.8
2009,722536	104.0
2009,722537	104.4
2009,722539	105.8
2009,722540	107.1
2009,722541	102.9
2009,722542	102.2
2009,722543	104.0
2009,722544	106.0
2009,722547	104.0
2009,722550	102.9
2009,722552	102.2
2009,722553	102.2
2009,722554	104.9
2009,722555	98.1
2009,722560	106.0
2009,722561	104.0
2009,722563	105.8
2009,722570	104.0
2009,722575	105.8
2009,722576	108.0
2009,722577	104.0
2009,722583	105.1
2009,722587	102.2
2009,722588	102.2
2009,722589	106.0
2009,722590	104.0
2009,722593	104.0
2009,722594	107.1
2009,722595	107.1
2009,722596	105.1
2009,722597	107.1
2009,722598	102.2
2009,722599	105.1
2009,722600	102.2
2009,722610	107.1
2009,722615	106.5
2009,722616	107.1
2009,722618	107.1
2009,722620	100.9
2009,722630	108.0
2009,722636	104.0
2009,722637	112.5
2009,722640	96.8
2009,722648	105.1
2009,722650	104.0
2009,722654	106.0
2009,722656	107.1
2009,722660	106.0
2009,722666	102.2
2009,722670	107.1
2009,722700	105.1
2009,723510	109.0
2009,723604	109.9
2009,723628	102.2
2009,723629	99.7
2009,723630	106.0
2009,723635	109.0
2009,723761	102.2
2009,724462	105.8
2009,725021	84.2
2009,747335	102.2
2009,747355	102.2
2009,747400	104.0
2009,994110	89.6
2009,994260	92.1
2009,997361	91.9
2009,997363	89.6
2009,997364	93.7
2009,997366	89.6
2009,997368	93.4
2009,997369	91.9
2009,998165	90.1
2009,998189	89.6
2009,998226	91.6
2009,999999	106.7
2010,690190	103.3
2010,720110	105.8
2010,720151	101.8
2010,720261	106.9
2010,720269	103.3
2010,720271	107.1
2010,720273	96.8
2010,720276	103.3
2010,720281	106.7
2010,720286	109.2
2010,720287	105.1
2010,720291	104.0
2010,720295	106.3
2010,720296	102.4
2010,720298	100.6
2010,720299	107.4
2010,720302	104.2
2010,720303	109.6
2010,720305	104.9
2010,720311	103.3
2010,720314	102.2
2010,720315	105.8
2010,720316	103.1
2010,720318	107.6
2010,720320	105.8
2010,720323	101.8
2010,720391	100.4
2010,720393	102.2
2010,720395	104.5
2010,720404	108.0
2010,720542	102.2
2010,720577	102.9
2010,720578	107.6
2010,720579	104.0
2010,720584	105.8
2010,720594	100.4
2010,720617	100.4
2010,720622	106.3
2010,720626	100.4
2010,720637	98.6
2010,720639	104.0
2010,720647	104.0
2010,720648	102.2
2010,720659	107.6
2010,720668	98.6
2010,720669	95.0
2010,720725	89.6
2010,720726	87.8
2010,720727	93.2
2010,720729	91.4
2010,720731	93.2
2010,720732	100.4
2010,720733	102.2
2010,720742	107.6
2010,720771	92.3
2010,720919	80.6
2010,720921	80.6
2010,722008	93.2
2010,722042	102.2
2010,722094	107.6
2010,722107	109.4
2010,722112	102.2
2010,722122	107.2
2010,722143	105.3
2010,722159	101.3
2010,722169	111.2
2010,722174	100.4
2010,722192	102.9
2010,722202	105.6
2010,722209	97.2
2010,722214	102.2
2010,722231	107.6
2010,722323	105.8
2010,722324	109.8
2010,722338	102.0
2010,722351	105.4
2010,722362	104.0
2010,722363	100.4
2010,722369	99.0
2010,722410	99.0
2010,722416	104.0
2010,722420	95.0
2010,722427	99.0
2010,722429	100.9
2010,722430	102.0
2010,722435	97.0
2010,722436	98.6
2010,722440	98.6
2010,722444	100.9
2010,722445	99.0
2010,722446	104.0
2010,722447	105.1
2010,722448	104.0
2010,722469	105.1
2010,722470	102.9
2010,722479	107.1
2010,722489	107.1
2010,722499	105.8
2010,722500	98.1
2010,722505	102.0
2010,722506	102.0
2010,722510	102.0
2010,722515	98.1
2010,722516	106.0
2010,722517	104.0
2010,722520	108.0
2010,722523	107.1
2010,722524	97.0
2010,722526	107.1
2010,722527	97.0
2010,722530	102.9
2010,722533	106.0
2010,722535	102.9
2010,722536	102.2
2010,722537	103.1
2010,722539	105.8
2010,722540	107.1
2010,722541	107.1
2010,722542	102.9
2010,722543	98.1
2010,722544	107.1
2010,722547	104.0
2010,722550	102.0
2010,722552	105.8
2010,722553	102.2
2010,722554	101.5
2010,722555	100.0
2010,722560	107.1
2010,722561	105.8
2010,722563	107.6
2010,722570	108.0
2010,722575	105.8
2010,722576	105.1
2010,722577	107.6
2010,722580	107.1
2010,722583	102.9
2010,722587	105.8
2010,722588	105.8
2010,722589	107.1
2010,722590	107.1
2010,722593	107.6
2010,722594	109.9
2010,722595	109.9
2010,722596	100.9
2010,722597	109.0
2010,722598	104.0
2010,722599	107.1
2010,722600	104.0
2010,722610	104.0
2010,722615	103.3
2010,722616	104.0
2010,722618	107.6
2010,722620	105.1
2010,722630	107.1
2010,722636	102.0
2010,722637	105.8
2010,722640	100.4
2010,722648	109.9
2010,722650	109.0
2010,722654	108.0
2010,722656	111.9
2010,722660	104.0
2010,722666	102.2
2010,722670	105.1
2010,722700	109.9
2010,722704	104.0
2010,723510	107.1
2010,723513	93.2
2010,723604	102.0
2010,723628	102.2
2010,723629	96.8
2010,723630	100.9
2010,723635	104.0
2010,723660	102.9
2010,723761	100.4
2010,724462	104.0
2010,725021	100.4
2010,747335	102.2
2010,747355	104.0
2010,747360	100.9
2010,747390	108.0
2010,747400	105.1
2010,747460	107.1
2010,994110	87.3
2010,994260	93.2
2010,997361	93.0
2010,997363	91.4
2010,997366	88.5
2010,997368	94.1
2010,997369	94.6
2010,997370	95.5
2010,998165	90.1
2010,998189	92.5
2010,998226	91.2
2010,999999	110.7
2011,690190	110.7
2011,720110	109.4
2011,720151	102.0
2011,720261	109.4
2011,720269	107.6
2011,720271	113.0
2011,720273	106.0
2011,720276	106.5
2011,720281	114.3
2011,720286	109.4
2011,720287	111.2
2011,720291	107.6
2011,720295	107.6
2011,720296	105.8
2011,720298	105.8
2011,720299	109.4
2011,720302	111.2
2011,720303	107.6
2011,720305	107.6
2011,720311	109.4
2011,720314	107.6
2011,720315	113.0
2011,720316	107.1
2011,720318	109.4
2011,720320	109.4
2011,720323	105.8
2011,720391	107.6
2011,720393	109.4
2011,720395	111.2
2011,720404	109.4
2011,720542	107.6
2011,720577	107.6
2011,720578	109.4
2011,720579	109.4
2011,720584	107.6
2011,720594	111.2
2011,720617	104.0
2011,720622	109.4
2011,720626	113.0
2011,720637	105.8
2011,720639	109.4
2011,720647	109.4
2011,720648	107.6
2011,720659	105.8
2011,720668	102.2
2011,720669	95.0
2011,720725	89.6
2011,720726	89.6
2011,720727	93.2
2011,720729	73.4
2011,720731	100.4
2011,720732	96.8
2011,720733	102.2
2011,720742	109.4
2011,720771	107.6
2011,720919	95.0
2011,720921	93.2
2011,720926	104.0
2011,720943	109.4
2011,720965	80.6
2011,722008	100.4
2011,722042	109.4
2011,722094	109.4
2011,722107	109.4
2011,722112	107.6
2011,722122	109.8
2011,722143	107.6
2011,722159	104.0
2011,722169	114.3
2011,722174	109.4
2011,722192	107.6
2011,722202	107.6
2011,722209	105.8
2011,722214	107.6
2011,722231	107.6
2011,722323	107.6
2011,722324	110.5
2011,722338	106.2
2011,722351	107.6
2011,722362	107.6
2011,722363	102.2
2011,722369	104.0
2011,722410	105.1
2011,722416	111.0
2011,722420	100.0
2011,722427	104.0
2011,722429	108.0
2011,722430	109.0
2011,722436	104.0
2011,722440	105.1
2011,722444	108.0
2011,722446	107.1
2011,722447	108.0
2011,722448	109.9
2011,722469	109.0
2011,722470	109.9
2011,722479	109.0
2011,722489	109.0
2011,722499	107.6
2011,722500	102.9
2011,722505	107.1
2011,722506	108.0
2011,722510	107.1
2011,722515	104.0
2011,722516	109.0
2011,722517	109.0
2011,722518	109.0
2011,722520	113.0
2011,722523	113.0
2011,722524	105.1
2011,722526	109.0
2011,722527	105.1
2011,722530	109.9
2011,722533	111.0
2011,722535	110.1
2011,722536	110.7
2011,722537	105.8
2011,722539	111.2
2011,722540	111.9
2011,722541	109.0
2011,722542	109.9
2011,722543	108.0
2011,722544	111.9
2011,722547	107.6
2011,722550	109.0
2011,722552	111.2
2011,722553	107.6
2011,722554	107.6
2011,722555	102.0
2011,722560	109.9
2011,722561	107.6
2011,722563	109.4
2011,722570	111.9
2011,722575	107.6
2011,722576	109.9
2011,722577	109.4
2011,722580	111.0
2011,722587	111.2
2011,722588	109.4
2011,722589	109.9
2011,722590	109.9
2011,722593	109.4
2011,722594	111.9
2011,722595	111.0
2011,722597	111.0
2011,722598	107.6
2011,722599	111.0
2011,722600	105.8
2011,722610	107.1
2011,722615	107.2
2011,722616	111.0
2011,722618	111.2
2011,722620	104.0
2011,722630	109.9
2011,722637	114.8
2011,722640	102.2
2011,722648	109.0
2011,722650	111.0
2011,722654	111.0
2011,722656	113.0
2011,722660	109.0
2011,722666	105.8
2011,722670	111.9
2011,722700	108.0
2011,722704	107.6
2011,723510	111.0
2011,723513	111.2
2011,723628	107.6
2011,723629	102.2
2011,723630	111.0
2011,723635	113.0
2011,723761	105.8
2011,724462	105.8
2011,725021	105.8
2011,747335	105.8
2011,747355	105.8
2011,747400	108.0
2011,994110	96.8
2011,994260	96.4
2011,994790	88.9
2011,997361	95.9
2011,997363	92.5
2011,997366	97.9
2011,997368	94.6
2011,997369	92.3
2011,997370	99.0
2011,997729	88.5
2011,998165	96.8
2011,998184	88.5
2011,998189	93.4
2011,998226	100.4
2011,998482	90.7
2011,999999	113.0
2012,690190	107.6
2012,720110	105.8
2012,720151	100.8
2012,720261	109.4
2012,720269	107.4
2012,720271	105.8
2012,720273	103.3
2012,720276	106.0
2012,720281	112.5
2012,720286	107.6
2012,720287	105.8
2012,720291	104.0
2012,720295	104.0
2012,720296	100.0
2012,720298	98.4
2012,720299	107.6
2012,720302	105.8
2012,720303	104.0
2012,720305	105.8
2012,720311	102.2
2012,720314	102.4
2012,720315	109.4
2012,720316	105.3
2012,720318	109.4
2012,720320	105.8
2012,720323	100.0
2012,720391	105.8
2012,720393	104.0
2012,720395	105.8
2012,720404	109.4
2012,720542	104.0
2012,720577	102.2
2012,720578	109.4
2012,720579	104.0
2012,720584	107.6
2012,720594	109.4
2012,720617	102.2
2012,720622	107.6
2012,720626	109.4
2012,720637	100.4
2012,720639	104.0
2012,720647	104.0
2012,720648	104.0
2012,720659	107.6
2012,720668	96.8
2012,720669	95.0
2012,720725	80.6
2012,720726	91.4
2012,720727	93.2
2012,720731	91.4
2012,720732	93.2
2012,720733	104.0
2012,720742	107.6
2012,720771	107.6
2012,720919	91.4
2012,720921	91.4
2012,720926	98.6
2012,720943	102.2
2012,720965	108.1
2012,721032	105.8
2012,721034	106.7
2012,721043	101.3
2012,721044	104.0
2012,722008	98.6
2012,722042	104.0
2012,722094	105.8
2012,722107	105.8
2012,722112	102.2
2012,722122	104.4
2012,722143	105.8
2012,722159	104.0
2012,722169	107.4
2012,722174	102.2
2012,722192	105.8
2012,722202	108.0
2012,722209	102.2
2012,722214	104.0
2012,722231	105.8
2012,722323	105.8
2012,722324	106.3
2012,722338	106.0
2012,722351	104.0
2012,722362	104.0
2012,722363	104.0
2012,722369	104.0
2012,722410	100.0
2012,722416	105.1
2012,722420	100.0
2012,722427	104.0
2012,722429	100.9
2012,722430	105.1
2012,722436	105.8
2012,722440	102.0
2012,722444	100.9
2012,722446	104.0
2012,722447	104.0
2012,722448	104.0
2012,722469	105.1
2012,722470	105.1
2012,722479	108.0
2012,722489	107.1
2012,722499	102.2
2012,722500	105.1
2012,722505	106.0
2012,722506	107.1
2012,722510	107.1
2012,722515	100.9
2012,722516	107.1
2012,722517	107.1
2012,722518	109.0
2012,722520	109.9
2012,722523	106.0
2012,722524	102.9
2012,722526	109.0
2012,722527	102.0
2012,722530	106.0
2012,722533	106.0
2012,722535	104.9
2012,722536	104.9
2012,722537	100.4
2012,722539	104.0
2012,722540	109.0
2012,722541	107.1
2012,722542	106.0
2012,722543	100.0
2012,722544	109.0
2012,722547	105.8
2012,722550	108.0
2012,722552	109.4
2012,722553	102.2
2012,722554	104.0
2012,722555	102.9
2012,722560	107.1
2012,722561	98.6
2012,722563	107.6
2012,722570	107.1
2012,722575	105.8
2012,722576	106.0
2012,722577	132.8
2012,722580	108.0
2012,722587	105.8
2012,722588	105.8
2012,722589	109.0
2012,722590	108.0
2012,722593	107.6
2012,722594	109.9
2012,722595	109.0
2012,722597	108.0
2012,722598	105.8
2012,722599	108.0
2012,722600	104.0
2012,722610	109.0
2012,722615	107.1
2012,722616	109.0
2012,722618	106.0
2012,722620	102.9
2012,722630	109.0
2012,722637	109.4
2012,722640	98.6
2012,722648	104.0
2012,722650	107.1
2012,722654	106.0
2012,722656	109.0
2012,722660	108.0
2012,722666	105.8
2012,722670	105.1
2012,722700	106.0
2012,722704	104.7
2012,723510	111.9
2012,723513	111.2
2012,723628	105.8
2012,723629	96.8
2012,723630	107.1
2012,723635	109.0
2012,723761	102.2
2012,724462	100.4
2012,725021	102.2
2012,747335	105.8
2012,747355	105.8
2012,747400	108.0
2012,994110	95.9
2012,994260	95.9
2012,994790	94.8
2012,997361	95.2
2012,997366	94.1
2012,997368	95.7
2012,997369	96.1
2012,997370	97.2
2012,997729	94.3
2012,998165	94.1
2012,998174	93.2
2012,998182	95.9
2012,998184	94.1
2012,998189	95.4
2012,998226	98.4
2012,998481	98.1
2012,998482	90.9
2012,998483	92.7
2012,998484	86.9
2012,998487	85.6
2012,998490	95.0
2012,999999	108.0
2013,690190	79.0
2013,720110	84.2
2013,720151	76.6
2013,720261	78.8
2013,720269	91.6
2013,720271	80.6
2013,720273	80.2
2013,720276	91.6
2013,720281	81.9
2013,720286	84.2
2013,720287	73.4
2013,720291	77.0
2013,720295	80.6
2013,720296	79.3
2013,720298	76.8
2013,720299	77.0
2013,720302	73.4
2013,720303	82.4
2013,720305	75.2
2013,720311	77.0
2013,720314	79.9
2013,720315	73.4
2013,720316	91.4
2013,720318	80.6
2013,720320	82.4
2013,720323	78.1
2013,720391	87.8
2013,720393	71.6
2013,720395	89.6
2013,720404	80.6
2013,720542	80.6
2013,720577	78.8
2013,720578	82.4
2013,720579	86.0
2013,720584	89.6
2013,720594	82.4
2013,720617	84.2
2013,720622	78.8
2013,720626	75.2
2013,720637	80.6
2013,720639	82.4
2013,720647	95.0
2013,720648	82.4
2013,720659	78.8
2013,720725	73.4
2013,720726	71.6
2013,720727	77.0
2013,720732	77.0
2013,720733	80.6
2013,720742	91.4
2013,720771	82.4
2013,720919	71.6
2013,720921	73.4
2013,720926	77.0
2013,720943	77.0
2013,720965	78.8
2013,721032	78.8
2013,721034	81.3
2013,721043	77.0
2013,721044	77.0
2013,722008	71.6
2013,722042	78.8
2013,722094	78.8
2013,722107	75.9
2013,722112	77.0
2013,722122	78.6
2013,722143	87.8
2013,722159	91.0
2013,722169	81.1
2013,722174	71.6
2013,722192	78.8
2013,722202	89.1
2013,722209	77.0
2013,722214	69.8
2013,722231	84.2
2013,722323	82.4
2013,722324	78.8
2013,722338	88.5
2013,722351	78.8
2013,722362	75.2
2013,722363	78.8
2013,722369	78.8
2013,722410	77.0
2013,722416	84.9
2013,722420	73.4
2013,722427	79.0
2013,722429	82.0
2013,722430	81.0
2013,722436	80.6
2013,722440	80.1
2013,722444	80.1
2013,722446	80.1
2013,722447	81.0
2013,722448	78.1
2013,722469	80.1
2013,722470	80.1
2013,722479	80.1
2013,722489	78.1
2013,722499	78.8
2013,722500	84.9
2013,722505	86.0
2013,722506	90.0
2013,722510	91.0
2013,722515	90.0
2013,722516	92.3
2013,722517	91.0
2013,722518	89.1
2013,722520	93.9
2013,722523	87.1
2013,722524	77.0
2013,722526	93.9
2013,722527	78.1
2013,722530	86.0
2013,722533	90.0
2013,722535	86.4
2013,722536	85.8
2013,722537	78.8
2013,722539	84.2
2013,722540	84.9
2013,722541	75.9
2013,722542	81.0
2013,722543	81.0
2013,722544	84.0
2013,722547	80.6
2013,722550	82.0
2013,722552	71.6
2013,722553	82.4
2013,722554	82.4
2013,722555	79.0
2013,722560	82.9
2013,722561	80.6
2013,722563	80.6
2013,722570	84.9
2013,722575	84.2
2013,722576	82.9
2013,722577	82.4
2013,722580	80.1
2013,722587	73.4
2013,722588	77.0
2013,722589	79.0
2013,722590	80.1
2013,722593	82.4
2013,722594	82.0
2013,722595	84.9
2013,722597	81.0
2013,722598	77.0
2013,722599	80.1
2013,722600	80.6
2013,722610	87.1
2013,722615	85.8
2013,722616	82.0
2013,722618	82.4
2013,722620	70.0
2013,722630	82.9
2013,722637	75.2
2013,722640	73.4
2013,722648	77.0
2013,722650	77.0
2013,722654	82.0
2013,722656	81.0
2013,722660	80.1
2013,722666	82.4
2013,722670	78.1
2013,722700	71.1
2013,722704	72.0
2013,723510	81.0
2013,723513	80.6
2013,723628	84.2
2013,723629	75.2
2013,723630	73.0
2013,723635	73.9
2013,723761	78.8
2013,724462	80.6
2013,725021	78.8
2013,747335	80.6
2013,747355	82.4
2013,747400	84.9
2013,994110	70.2
2013,994260	68.7
2013,994790	70.2
2013,997361	72.0
2013,997366	73.4
2013,997368	71.8
2013,997369	79.2
2013,997370	75.4
2013,997729	68.9
2013,998165	72.0
2013,998174	71.6
2013,998182	74.1
2013,998184	73.4
2013,998189	69.1
2013,998226	72.0
2013,998481	73.4
2013,998482	65.7
2013,998483	76.5
2013,998484	71.4
2013,998487	74.3
2013,998490	68.2
2013,999999	90.5
