1950,722423	33.0
1950,722436	35.0
1950,722448	39.0
1950,722500	33.0
1950,722510	47.0
1950,722517	33.0
1950,722525	27.0
1950,722530	30.1
1950,722535	40.0
1950,722536	37.9
1950,722545	32.1
1950,722555	35.9
1950,722560	40.0
1950,722575	35.9
1950,722576	28.0
1950,722580	33.0
1950,722585	42.0
1950,722586	40.0
1950,722595	40.0
1950,722596	42.9
1950,722597	35.9
1950,722610	26.0
1950,722630	35.0
1950,722650	52.1
1950,722656	45.1
1950,722657	48.0
1950,722660	39.0
1950,722670	49.0
1950,722675	57.9
1950,722700	54.0
1950,723510	40.0
1950,723601	52.1
1950,723630	42.0
1950,749058	34.0
1950,999999	71.1
1951,722423	39.0
1951,722436	32.1
1951,722448	35.0
1951,722500	32.1
1951,722510	37.1
1951,722517	39.0
1951,722525	30.1
1951,722530	30.1
1951,722535	39.0
1951,722536	35.0
1951,722545	29.9
1951,722555	35.9
1951,722560	39.0
1951,722576	39.0
1951,722580	32.1
1951,722585	35.9
1951,722586	37.9
1951,722595	40.0
1951,722596	42.9
1951,722597	39.0
1951,722610	39.0
1951,722630	42.9
1951,722650	37.1
1951,722656	39.0
1951,722657	52.1
1951,722660	48.0
1951,722670	49.0
1951,722675	44.9
1951,722700	42.0
1951,723510	40.0
1951,723601	52.1
1951,723630	48.0
1951,749056	39.0
1951,749058	33.0
1951,749091	37.9
1951,999999	64.1
1952,722423	35.0
1952,722436	28.0
1952,722448	35.0
1952,722500	30.1
1952,722505	24.1
1952,722510	39.0
1952,722517	35.9
1952,722525	31.1
1952,722530	38.1
1952,722535	33.0
1952,722536	29.9
1952,722545	40.0
1952,722555	34.0
1952,722560	46.0
1952,722575	33.0
1952,722576	35.0
1952,722577	40.0
1952,722580	33.0
1952,722585	37.9
1952,722586	39.0
1952,722595	42.9
1952,722596	40.0
1952,722597	35.9
1952,722610	35.9
1952,722630	39.0
1952,722650	42.0
1952,722656	52.1
1952,722657	42.0
1952,722660	35.0
1952,722666	32.1
1952,722670	48.0
1952,722675	37.9
1952,722700	42.0
1952,723510	49.0
1952,723601	49.0
1952,723630	42.0
1952,749016	28.0
1952,749017	22.0
1952,749056	30.9
1952,749058	29.9
1952,749091	44.9
1952,999999	53.0
1953,722423	39.0
1953,722436	32.1
1953,722448	29.9
1953,722500	31.1
1953,722505	37.1
1953,722510	32.1
1953,722517	35.9
1953,722525	39.0
1953,722530	38.1
1953,722535	30.1
1953,722536	30.9
1953,722545	33.0
1953,722550	28.9
1953,722555	33.0
1953,722560	42.9
1953,722576	35.0
1953,722580	26.0
1953,722586	34.0
1953,722595	35.0
1953,722596	33.0
1953,722597	39.0
1953,722610	40.0
1953,722615	37.9
1953,722630	48.0
1953,722650	30.1
1953,722655	35.0
1953,722656	39.0
1953,722657	39.0
1953,722660	39.0
1953,722670	42.9
1953,722675	42.9
1953,722700	42.0
1953,723510	33.0
1953,723601	50.1
1953,723630	47.0
1953,749056	30.9
1953,749058	49.0
1953,749091	35.0
1953,999999	58.1
1954,722423	38.1
1954,722436	28.9
1954,722448	42.9
1954,722500	41.0
1954,722505	50.1
1954,722510	31.1
1954,722517	30.1
1954,722525	35.0
1954,722530	28.0
1954,722533	21.0
1954,722535	22.0
1954,722536	35.0
1954,722545	34.0
1954,722550	42.0
1954,722555	35.9
1954,722560	39.0
1954,722576	35.0
1954,722580	38.1
1954,722586	35.0
1954,722595	34.0
1954,722597	35.9
1954,722610	32.1
1954,722615	35.9
1954,722630	37.1
1954,722650	32.1
1954,722655	40.0
1954,722656	50.1
1954,722660	40.0
1954,722670	39.0
1954,722675	40.0
1954,722700	52.1
1954,723510	42.0
1954,723601	45.1
1954,723630	42.0
1954,749056	28.9
1954,749058	35.9
1954,749091	29.9
1954,999999	65.1
1955,722423	45.1
1955,722436	30.9
1955,722500	32.1
1955,722505	35.0
1955,722510	35.0
1955,722517	8.0
1955,722525	37.1
1955,722530	33.0
1955,722533	28.0
1955,722535	45.1
1955,722536	35.9
1955,722545	40.0
1955,722550	37.1
1955,722555	35.0
1955,722560	39.0
1955,722576	35.0
1955,722580	35.0
1955,722586	35.0
1955,722595	42.0
1955,722597	38.1
1955,722610	42.9
1955,722615	49.9
1955,722630	42.0
1955,722650	31.1
1955,722655	38.1
1955,722656	15.0
1955,722660	38.1
1955,722670	47.0
1955,722675	42.0
1955,722700	42.0
1955,723510	35.0
1955,723601	15.0
1955,723630	38.1
1955,749056	32.1
1955,749058	35.0
1955,749091	28.9
1955,999999	40.0
1956,690190	35.0
1956,722423	40.0
1956,722436	29.9
1956,722500	35.0
1956,722505	25.1
1956,722510	35.0
1956,722525	33.0
1956,722530	30.1
1956,722533	29.9
1956,722535	30.1
1956,722536	29.9
1956,722545	29.9
1956,722550	34.0
1956,722560	37.9
1956,722576	43.9
1956,722580	35.9
1956,722586	32.1
1956,722595	29.9
1956,722597	28.0
1956,722610	33.0
1956,722615	33.0
1956,722630	37.1
1956,722650	35.0
1956,722655	37.1
1956,722660	35.0
1956,722670	50.1
1956,722675	44.9
1956,722700	50.1
1956,723510	44.9
1956,723630	47.0
1956,749056	37.9
1956,749058	35.0
1956,749091	28.0
1956,999999	40.0
1957,690190	38.1
1957,722423	50.1
1957,722436	26.0
1957,722500	30.1
1957,722505	35.0
1957,722510	30.1
1957,722525	31.1
1957,722530	30.1
1957,722533	25.1
1957,722535	35.0
1957,722536	26.0
1957,722545	32.1
1957,722550	32.1
1957,722560	35.0
1957,722576	29.9
1957,722580	40.0
1957,722586	35.9
1957,722595	30.9
1957,722597	30.1
1957,722610	40.0
1957,722615	35.0
1957,722630	40.0
1957,722650	30.1
1957,722655	40.0
1957,722660	35.0
1957,722670	50.1
1957,722675	44.9
1957,722700	48.0
1957,723510	30.9
1957,723630	45.1
1957,749058	34.0
1957,749091	29.9
1957,999999	50.1
1958,690190	25.1
1958,722423	30.1
1958,722436	26.0
1958,722500	34.0
1958,722505	30.1
1958,722510	33.0
1958,722525	28.0
1958,722530	26.0
1958,722533	28.0
1958,722535	27.0
1958,722536	25.1
1958,722545	28.0
1958,722550	34.0
1958,722560	32.1
1958,722576	28.0
1958,722580	39.0
1958,722586	29.9
1958,722595	28.0
1958,722597	32.1
1958,722615	40.0
1958,722630	35.0
1958,722650	31.1
1958,722655	40.0
1958,722660	33.0
1958,722670	42.9
1958,722675	46.0
1958,722700	40.0
1958,723510	29.9
1958,723630	35.0
1958,749058	29.9
1958,749091	29.9
1958,999999	40.0
1959,690190	27.0
1959,722423	49.0
1959,722436	44.9
1959,722500	30.1
1959,722505	26.0
1959,722510	28.0
1959,722525	27.0
1959,722530	31.1
1959,722535	26.0
1959,722536	28.0
1959,722545	29.9
1959,722560	38.1
1959,722576	29.9
1959,722580	38.1
1959,722586	29.9
1959,722595	32.1
1959,722597	33.0
1959,722615	32.1
1959,722630	40.0
1959,722650	32.1
1959,722655	32.1
1959,722660	35.0
1959,722670	48.0
1959,722675	40.0
1959,722700	40.0
1959,723510	33.0
1959,723630	40.0
1959,749058	33.0
1959,999999	48.0
1960,690190	30.1
1960,722423	30.1
1960,722436	23.9
1960,722500	32.1
1960,722505	31.1
1960,722510	35.0
1960,722525	34.0
1960,722530	25.1
1960,722535	22.0
1960,722536	25.1
1960,722545	26.0
1960,722560	40.0
1960,722570	25.1
1960,722576	23.9
1960,722580	35.0
1960,722586	28.0
1960,722595	28.0
1960,722597	40.0
1960,722615	32.1
1960,722630	50.1
1960,722650	40.0
1960,722655	39.0
1960,722660	40.0
1960,722670	47.0
1960,722675	37.9
1960,722700	40.0
1960,723510	33.0
1960,723630	50.1
1960,749058	22.0
1960,999999	45.1
1961,690190	35.0
1961,722423	55.0
1961,722436	35.9
1961,722500	35.0
1961,722505	38.1
1961,722510	55.0
1961,722525	38.1
1961,722530	30.1
1961,722535	31.1
1961,722536	32.1
1961,722545	40.0
1961,722550	65.1
1961,722560	44.1
1961,722570	29.9
1961,722576	22.0
1961,722580	32.1
1961,722586	23.9
1961,722595	26.0
1961,722597	30.1
1961,722615	28.0
1961,722630	44.1
1961,722650	35.0
1961,722655	30.1
1961,722660	35.0
1961,722670	45.1
1961,722675	35.9
1961,722700	38.1
1961,723510	35.0
1961,723630	39.0
1961,999999	55.0
1962,690190	32.1
1962,722423	32.1
1962,722436	23.9
1962,722500	28.0
1962,722505	28.9
1962,722510	38.1
1962,722525	31.1
1962,722530	27.0
1962,722535	27.0
1962,722536	26.0
1962,722545	34.0
1962,722550	35.9
1962,722560	40.0
1962,722570	28.0
1962,722580	35.0
1962,722586	32.1
1962,722595	29.9
1962,722597	35.0
1962,722615	29.9
1962,722630	37.1
1962,722650	40.0
1962,722655	38.1
1962,722660	32.1
1962,722670	45.1
1962,722675	34.0
1962,722700	35.0
1962,723510	29.9
1962,723630	42.9
1962,999999	40.0
1963,690190	28.0
1963,722423	48.0
1963,722436	25.1
1963,722500	32.1
1963,722510	38.1
1963,722525	35.0
1963,722530	25.1
1963,722535	28.0
1963,722536	27.0
1963,722545	26.0
1963,722550	35.0
1963,722560	40.0
1963,722570	29.9
1963,722576	23.9
1963,722580	30.1
1963,722586	33.0
1963,722595	29.9
1963,722597	30.1
1963,722610	26.0
1963,722615	29.9
1963,722630	30.1
1963,722650	35.0
1963,722655	34.0
1963,722660	37.1
1963,722670	40.0
1963,722675	35.9
1963,722700	30.1
1963,723510	32.1
1963,723630	40.0
1963,749018	12.0
1963,999999	38.1
1964,690190	28.0
1964,722436	28.9
1964,722500	32.1
1964,722510	38.1
1964,722525	28.0
1964,722530	30.1
1964,722535	25.1
1964,722536	25.1
1964,722545	29.9
1964,722550	33.0
1964,722560	33.0
1964,722570	25.1
1964,722576	26.0
1964,722580	27.0
1964,722586	29.9
1964,722595	27.0
1964,722597	25.1
1964,722610	38.1
1964,722615	28.0
1964,722630	35.0
1964,722650	28.9
1964,722655	31.1
1964,722660	32.1
1964,722670	45.1
1964,722675	32.1
1964,722700	32.1
1964,723510	42.0
1964,723630	35.9
1964,749018	28.0
1964,999999	35.9
1965,690190	32.1
1965,722436	25.1
1965,722500	40.0
1965,722510	28.0
1965,722520	32.1
1965,722525	33.0
1965,722530	26.0
1965,722535	33.0
1965,722536	23.9
1965,722545	35.0
1965,722550	28.0
1965,722560	35.0
1965,722570	29.9
1965,722576	28.0
1965,722580	28.0
1965,722586	23.9
1965,722595	40.0
1965,722597	30.1
1965,722610	25.1
1965,722615	29.9
1965,722630	28.0
1965,722650	35.0
1965,722655	35.0
1965,722660	28.0
1965,722675	36.9
1965,722700	40.0
1965,723630	40.0
1965,749018	29.9
1965,999999	42.9
1966,690190	30.1
1966,722436	23.9
1966,722500	30.1
1966,722510	28.0
1966,722520	33.0
1966,722530	35.0
1966,722535	28.0
1966,722536	28.0
1966,722545	28.0
1966,722550	27.0
1966,722560	35.0
1966,722570	28.0
1966,722576	22.9
1966,722580	28.0
1966,722586	40.0
1966,722595	29.9
1966,722597	25.1
1966,722610	24.1
1966,722615	29.9
1966,722630	30.1
1966,722650	30.1
1966,722655	33.0
1966,722660	25.1
1966,722675	32.1
1966,722700	34.0
1966,723630	37.1
1966,749018	28.0
1966,999999	38.1
1967,690190	33.0
1967,722436	26.0
1967,722500	58.1
1967,722510	50.1
1967,722520	32.1
1967,722530	26.0
1967,722535	28.0
1967,722536	28.0
1967,722545	29.9
1967,722550	28.0
1967,722560	30.1
1967,722570	27.0
1967,722576	26.0
1967,722580	24.1
1967,722586	28.0
1967,722595	28.0
1967,722597	29.9
1967,722610	30.1
1967,722615	29.9
1967,722630	31.1
1967,722650	35.9
1967,722655	39.0
1967,722660	28.0
1967,722675	39.0
1967,723630	30.1
1967,749018	33.0
1967,999999	64.1
1968,690190	32.1
1968,722436	26.0
1968,722500	32.1
1968,722510	28.0
1968,722520	28.9
1968,722530	25.1
1968,722535	30.1
1968,722536	28.0
1968,722545	36.9
1968,722550	37.1
1968,722560	30.1
1968,722570	25.1
1968,722576	26.0
1968,722580	27.0
1968,722586	29.9
1968,722595	29.9
1968,722597	29.9
1968,722610	24.1
1968,722615	32.1
1968,722630	31.1
1968,722650	32.1
1968,722655	38.1
1968,722660	31.1
1968,722675	37.9
1968,723630	40.0
1968,749018	33.0
1968,749019	35.0
1968,999999	37.1
1969,690190	30.1
1969,722436	35.9
1969,722500	26.0
1969,722510	32.1
1969,722520	35.0
1969,722530	24.1
1969,722535	24.1
1969,722536	23.9
1969,722545	30.9
1969,722550	28.0
1969,722570	35.9
1969,722576	28.0
1969,722580	25.1
1969,722586	40.0
1969,722595	28.0
1969,722597	23.9
1969,722610	37.1
1969,722615	43.9
1969,722630	28.0
1969,722650	32.1
1969,722655	35.9
1969,722660	30.1
1969,722675	34.0
1969,723630	34.0
1969,749018	13.0
1969,749019	26.0
1969,999999	45.1
1970,690190	33.0
1970,722436	30.9
1970,722500	27.0
1970,722510	50.1
1970,722520	35.9
1970,722530	26.0
1970,722535	35.0
1970,722536	23.9
1970,722545	32.1
1970,722550	26.0
1970,722570	28.0
1970,722576	28.0
1970,722580	26.0
1970,722586	36.9
1970,722595	29.9
1970,722597	29.9
1970,722610	38.1
1970,722615	44.9
1970,722630	30.1
1970,722650	34.0
1970,722655	40.0
1970,722660	26.0
1970,722675	35.9
1970,723630	38.1
1970,749019	28.9
1970,999999	40.0
1971,722436	26.0
1971,722500	30.1
1971,722510	38.1
1971,722520	36.9
1971,722530	30.1
1971,722535	29.9
1971,722545	27.0
1971,722550	28.9
1971,722570	25.1
1971,722576	6.0
1971,722580	26.0
1971,722586	28.0
1971,722595	29.9
1971,722597	29.9
1971,722610	30.1
1971,722630	31.1
1971,722650	31.1
1971,722655	40.0
1971,722660	32.1
1971,723630	38.1
1971,749019	23.9
1971,999999	38.1
1972,722436	25.1
1972,722500	28.0
1972,722510	27.0
1972,722530	26.0
1972,722535	35.9
1972,722545	28.0
1972,722550	27.0
1972,722580	26.0
1972,722595	40.0
1972,722610	27.0
1972,722630	38.1
1972,722650	30.1
1972,722660	40.0
1972,722700	37.1
1972,723630	35.9
1972,999999	34.0
1973,722410	29.9
1973,722420	28.0
1973,722422	41.0
1973,722430	30.9
1973,722435	32.1
1973,722436	25.8
1973,722445	29.9
1973,722446	24.9
1973,722447	42.0
1973,722448	44.9
1973,722500	34.0
1973,722505	29.9
1973,722506	29.9
1973,722510	37.9
1973,722515	35.0
1973,722516	28.0
1973,722517	35.0
1973,722518	19.8
1973,722520	25.8
1973,722525	35.0
1973,722526	35.9
1973,722530	29.9
1973,722535	24.9
1973,722536	25.8
1973,722537	15.0
1973,722540	29.9
1973,722545	25.8
1973,722550	34.0
1973,722555	35.0
1973,722556	28.0
1973,722560	35.9
1973,722572	43.9
1973,722576	28.0
1973,722577	44.9
1973,722580	55.0
1973,722585	32.8
1973,722587	22.0
1973,722590	35.0
1973,722595	29.9
1973,722596	29.9
1973,722597	29.9
1973,722610	45.8
1973,722615	34.0
1973,722626	45.8
1973,722630	39.8
1973,722635	15.0
1973,722636	41.0
1973,722650	48.0
1973,722655	37.9
1973,722656	36.9
1973,722657	55.9
1973,722660	41.0
1973,722665	42.0
1973,722666	35.0
1973,722670	43.9
1973,722675	42.0
1973,722700	35.9
1973,722707	69.9
1973,723510	36.9
1973,723601	44.9
1973,723630	44.1
1973,999999	25.1
1974,722410	30.9
1974,722420	41.0
1974,722422	32.8
1974,722430	28.0
1974,722435	27.0
1974,722436	23.9
1974,722445	35.9
1974,722446	25.1
1974,722447	34.0
1974,722448	24.9
1974,722500	32.8
1974,722505	34.0
1974,722506	35.0
1974,722510	35.0
1974,722515	35.0
1974,722516	30.9
1974,722517	35.0
1974,722525	35.0
1974,722526	42.0
1974,722530	29.9
1974,722535	28.9
1974,722536	23.9
1974,722540	25.1
1974,722545	28.0
1974,722550	30.1
1974,722555	37.9
1974,722556	28.0
1974,722560	46.0
1974,722572	37.9
1974,722576	28.0
1974,722577	35.0
1974,722580	38.1
1974,722585	28.9
1974,722587	23.9
1974,722590	34.0
1974,722595	29.9
1974,722596	49.9
1974,722597	52.8
1974,722598	23.9
1974,722610	31.9
1974,722615	32.8
1974,722626	42.0
1974,722630	48.0
1974,722635	24.9
1974,722636	35.0
1974,722650	48.0
1974,722655	31.9
1974,722656	29.9
1974,722657	49.9
1974,722660	29.9
1974,722665	39.8
1974,722666	31.9
1974,722670	37.9
1974,722675	37.9
1974,722700	35.0
1974,722707	76.9
1974,723510	35.0
1974,723601	39.8
1974,723630	35.9
1975,722410	34.0
1975,722415	25.8
1975,722420	26.0
1975,722422	39.8
1975,722430	25.8
1975,722435	31.9
1975,722436	29.9
1975,722437	29.9
1975,722445	29.9
1975,722446	25.1
1975,722447	49.9
1975,722448	29.9
1975,722500	35.9
1975,722505	35.0
1975,722506	29.9
1975,722510	32.8
1975,722515	35.9
1975,722516	25.8
1975,722517	42.0
1975,722519	35.9
1975,722520	22.0
1975,722525	26.8
1975,722526	24.9
1975,722530	51.9
1975,722535	28.0
1975,722536	29.9
1975,722540	45.8
1975,722545	24.9
1975,722550	35.0
1975,722555	39.8
1975,722556	35.9
1975,722557	29.9
1975,722560	33.0
1975,722572	31.9
1975,722576	29.9
1975,722577	35.0
1975,722580	33.0
1975,722585	28.0
1975,722587	48.0
1975,722590	46.0
1975,722595	29.9
1975,722596	29.9
1975,722597	44.9
1975,722610	35.0
1975,722615	28.0
1975,722626	36.9
1975,722630	31.9
1975,722635	24.9
1975,722636	55.0
1975,722650	35.9
1975,722655	35.0
1975,722656	36.9
1975,722660	51.9
1975,722665	34.0
1975,722666	19.8
1975,722670	42.0
1975,722675	39.8
1975,722700	35.0
1975,722707	76.0
1975,723510	38.9
1975,723601	42.0
1975,723630	40.0
1976,722410	30.9
1976,722415	30.9
1976,722420	28.0
1976,722422	35.0
1976,722430	30.9
1976,722435	35.0
1976,722436	26.8
1976,722437	34.0
1976,722445	43.9
1976,722446	22.0
1976,722447	35.0
1976,722448	28.0
1976,722500	34.0
1976,722505	11.8
1976,722506	29.9
1976,722510	37.9
1976,722515	32.1
1976,722516	25.8
1976,722517	31.9
1976,722519	31.9
1976,722520	29.9
1976,722526	24.9
1976,722530	34.0
1976,722535	29.9
1976,722536	28.0
1976,722540	30.9
1976,722545	28.0
1976,722550	36.9
1976,722555	49.0
1976,722556	37.9
1976,722557	37.9
1976,722560	44.1
1976,722572	31.9
1976,722576	29.9
1976,722577	49.9
1976,722580	32.1
1976,722585	30.9
1976,722587	22.0
1976,722590	31.9
1976,722595	35.0
1976,722596	28.9
1976,722597	29.9
1976,722610	27.0
1976,722615	31.9
1976,722626	28.0
1976,722630	44.9
1976,722635	26.8
1976,722636	37.9
1976,722650	35.0
1976,722655	35.9
1976,722656	41.0
1976,722658	15.9
1976,722660	35.0
1976,722665	35.0
1976,722666	17.9
1976,722670	38.9
1976,722675	35.9
1976,722700	35.0
1976,722707	63.9
1976,723510	35.9
1976,723601	39.8
1976,723630	39.8
1977,722410	29.9
1977,722415	28.0
1977,722420	25.1
1977,722422	46.8
1977,722430	28.9
1977,722435	42.0
1977,722436	25.8
1977,722437	29.9
1977,722445	35.9
1977,722446	25.1
1977,722447	24.9
1977,722448	42.0
1977,722500	35.9
1977,722505	21.0
1977,722506	37.9
1977,722510	32.8
1977,722515	35.9
1977,722516	29.9
1977,722517	26.8
1977,722519	24.9
1977,722520	49.9
1977,722526	26.8
1977,722530	49.9
1977,722535	28.0
1977,722536	28.0
1977,722540	30.9
1977,722545	31.9
1977,722550	49.9
1977,722555	35.0
1977,722556	31.9
1977,722557	19.8
1977,722560	41.0
1977,722572	37.9
1977,722576	35.9
1977,722577	35.0
1977,722580	44.9
1977,722585	27.0
1977,722587	35.0
1977,722590	31.1
1977,722595	31.9
1977,722596	43.9
1977,722597	26.8
1977,722610	28.9
1977,722615	28.9
1977,722620	51.9
1977,722626	59.8
1977,722630	39.8
1977,722635	30.9
1977,722636	39.8
1977,722640	30.9
1977,722650	41.0
1977,722655	35.9
1977,722656	39.8
1977,722658	14.0
1977,722660	41.0
1977,722665	46.8
1977,722666	19.8
1977,722670	37.9
1977,722675	43.9
1977,722700	42.0
1977,722707	70.9
1977,723510	32.8
1977,723601	39.8
1977,723630	50.1
1977,747400	22.0
1978,722410	29.9
1978,722415	29.9
1978,722420	28.0
1978,722422	49.9
1978,722430	39.0
1978,722435	28.0
1978,722436	24.9
1978,722437	29.9
1978,722445	25.8
1978,722446	22.9
1978,722447	29.9
1978,722448	44.9
1978,722500	49.9
1978,722505	19.8
1978,722506	24.9
1978,722510	33.0
1978,722515	31.9
1978,722516	22.0
1978,722517	41.0
1978,722519	29.9
1978,722520	48.0
1978,722526	39.8
1978,722530	46.0
1978,722535	23.9
1978,722536	29.9
1978,722540	31.9
1978,722545	28.0
1978,722550	28.0
1978,722555	49.9
1978,722556	25.1
1978,722557	28.0
1978,722560	35.9
1978,722570	25.8
1978,722576	29.9
1978,722577	49.9
1978,722580	33.0
1978,722585	29.9
1978,722587	29.9
1978,722590	29.9
1978,722595	31.9
1978,722596	25.8
1978,722597	30.9
1978,722610	42.0
1978,722615	35.0
1978,722620	55.9
1978,722630	53.8
1978,722636	43.9
1978,722640	39.8
1978,722650	36.9
1978,722656	39.8
1978,722660	30.1
1978,722665	28.0
1978,722666	15.0
1978,722670	29.9
1978,722675	31.9
1978,722700	30.1
1978,723510	26.8
1978,723601	35.0
1978,723630	31.1
1978,747300	24.9
1978,747400	25.8
1979,722410	34.0
1979,722415	34.0
1979,722420	35.0
1979,722422	49.9
1979,722430	30.1
1979,722435	49.9
1979,722436	31.9
1979,722437	42.0
1979,722445	29.9
1979,722446	46.8
1979,722447	46.8
1979,722448	46.8
1979,722500	49.9
1979,722506	49.9
1979,722510	31.9
1979,722515	28.0
1979,722516	31.9
1979,722517	55.0
1979,722519	22.9
1979,722520	49.9
1979,722526	35.9
1979,722530	41.0
1979,722535	34.0
1979,722536	29.9
1979,722540	46.8
1979,722545	28.0
1979,722550	55.0
1979,722555	39.8
1979,722556	28.0
1979,722557	17.9
1979,722560	26.0
1979,722570	29.9
1979,722576	29.9
1979,722577	49.9
1979,722580	44.9
1979,722585	28.0
1979,722587	29.9
1979,722588	28.0
1979,722590	45.8
1979,722595	29.9
1979,722596	26.8
1979,722597	28.0
1979,722610	51.9
1979,722615	29.9
1979,722620	72.8
1979,722630	29.9
1979,722636	39.8
1979,722640	89.0
1979,722650	44.1
1979,722656	41.0
1979,722660	30.1
1979,722665	30.9
1979,722666	11.8
1979,722670	31.1
1979,722675	34.0
1979,722700	35.9
1979,723510	39.8
1979,723601	36.9
1979,723630	38.9
1979,747300	15.9
1979,747400	30.9
1980,722410	51.9
1980,722415	39.8
1980,722420	35.9
1980,722422	49.9
1980,722430	41.0
1980,722435	25.8
1980,722436	26.8
1980,722437	35.0
1980,722445	49.9
1980,722446	24.9
1980,722447	46.8
1980,722448	49.9
1980,722500	44.9
1980,722505	14.0
1980,722506	49.0
1980,722510	48.0
1980,722515	36.9
1980,722516	59.8
1980,722517	52.8
1980,722519	10.9
1980,722520	51.9
1980,722526	28.9
1980,722530	36.9
1980,722535	29.9
1980,722536	25.8
1980,722540	29.9
1980,722545	26.8
1980,722550	31.9
1980,722555	55.0
1980,722556	44.9
1980,722557	22.0
1980,722560	39.8
1980,722570	28.0
1980,722576	29.9
1980,722577	49.9
1980,722580	37.9
1980,722585	39.8
1980,722587	29.9
1980,722590	45.1
1980,722595	29.9
1980,722596	25.8
1980,722597	24.9
1980,722610	39.8
1980,722615	34.0
1980,722620	68.0
1980,722630	55.9
1980,722636	53.8
1980,722640	49.9
1980,722650	35.0
1980,722656	50.9
1980,722660	35.9
1980,722665	34.0
1980,722670	29.9
1980,722675	36.9
1980,722700	34.0
1980,723510	42.0
1980,723601	35.0
1980,723604	29.9
1980,723630	35.9
1980,726388	24.9
1980,747300	14.0
1980,747400	26.8
1981,722410	44.1
1981,722414	15.0
1981,722415	29.9
1981,722420	25.8
1981,722422	49.9
1981,722430	27.0
1981,722435	28.0
1981,722436	34.0
1981,722437	35.0
1981,722445	41.0
1981,722446	35.0
1981,722447	29.9
1981,722448	29.9
1981,722500	30.1
1981,722505	24.9
1981,722506	49.9
1981,722510	35.9
1981,722515	35.9
1981,722516	34.0
1981,722517	44.9
1981,722520	49.9
1981,722526	18.8
1981,722530	49.9
1981,722535	28.0
1981,722536	35.0
1981,722540	30.1
1981,722545	29.9
1981,722550	36.9
1981,722555	50.9
1981,722556	28.9
1981,722557	15.0
1981,722560	42.0
1981,722570	41.0
1981,722576	29.9
1981,722577	45.8
1981,722580	45.8
1981,722585	35.9
1981,722587	36.9
1981,722590	40.0
1981,722595	31.9
1981,722596	35.9
1981,722597	42.0
1981,722610	28.0
1981,722615	25.8
1981,722620	61.0
1981,722630	35.0
1981,722636	39.8
1981,722637	15.0
1981,722640	30.9
1981,722650	34.0
1981,722656	49.9
1981,722660	34.0
1981,722665	29.9
1981,722670	42.9
1981,722675	45.8
1981,722700	35.0
1981,723510	35.9
1981,723604	53.8
1981,723630	44.1
1981,726388	24.9
1981,747300	22.9
1981,747400	23.9
1982,690290	15.9
1982,690300	23.9
1982,722410	29.9
1982,722414	15.0
1982,722415	29.9
1982,722420	61.0
1982,722422	28.9
1982,722430	31.9
1982,722435	49.9
1982,722436	24.9
1982,722437	28.0
1982,722445	28.0
1982,722446	21.0
1982,722447	46.8
1982,722448	46.8
1982,722500	38.9
1982,722505	23.9
1982,722506	52.8
1982,722510	38.1
1982,722515	34.0
1982,722516	35.9
1982,722517	36.9
1982,722520	39.8
1982,722526	21.0
1982,722530	28.0
1982,722535	25.8
1982,722536	22.0
1982,722540	29.9
1982,722545	28.0
1982,722550	28.0
1982,722555	29.9
1982,722556	28.0
1982,722560	26.0
1982,722570	22.0
1982,722576	22.0
1982,722577	37.9
1982,722580	30.1
1982,722585	29.9
1982,722588	15.9
1982,722590	37.9
1982,722595	29.9
1982,722596	29.9
1982,722597	24.9
1982,722610	25.3
1982,722615	29.9
1982,722620	61.0
1982,722630	35.0
1982,722636	39.8
1982,722640	39.8
1982,722650	35.0
1982,722656	31.9
1982,722660	35.0
1982,722665	31.9
1982,722670	41.0
1982,722673	24.9
1982,722675	36.9
1982,722700	31.1
1982,723510	37.9
1982,723604	55.9
1982,723630	38.1
1982,726388	29.9
1982,747300	39.8
1982,747400	22.9
1983,690290	35.0
1983,690300	19.8
1983,722410	45.1
1983,722414	17.9
1983,722420	40.0
1983,722422	49.9
1983,722430	44.1
1983,722435	55.0
1983,722436	48.0
1983,722437	35.0
1983,722445	53.8
1983,722446	29.9
1983,722447	29.9
1983,722448	26.8
1983,722500	34.0
1983,722505	29.9
1983,722506	55.9
1983,722510	35.0
1983,722515	27.0
1983,722516	29.9
1983,722517	49.9
1983,722520	45.8
1983,722526	24.9
1983,722530	36.9
1983,722533	28.0
1983,722535	26.8
1983,722536	43.9
1983,722540	35.0
1983,722545	32.8
1983,722550	34.0
1983,722555	49.9
1983,722556	28.0
1983,722560	35.0
1983,722570	35.0
1983,722576	28.0
1983,722577	45.8
1983,722580	49.0
1983,722585	34.0
1983,722588	22.0
1983,722590	35.9
1983,722595	29.9
1983,722596	44.9
1983,722597	28.0
1983,722610	49.9
1983,722615	45.8
1983,722620	70.9
1983,722630	42.0
1983,722636	55.0
1983,722637	35.0
1983,722640	49.9
1983,722650	46.0
1983,722656	35.0
1983,722660	35.0
1983,722665	35.9
1983,722670	38.1
1983,722673	35.0
1983,722675	37.9
1983,722700	37.1
1983,723510	42.0
1983,723604	49.0
1983,723630	38.1
1983,726388	51.9
1983,747300	31.9
1983,747400	35.0
1983,999999	20.0
1984,722337	29.9
1984,722410	27.0
1984,722415	19.8
1984,722420	41.0
1984,722422	36.9
1984,722430	40.0
1984,722435	49.9
1984,722436	25.1
1984,722437	24.9
1984,722439	14.0
1984,722445	32.1
1984,722446	22.0
1984,722447	24.1
1984,722448	40.0
1984,722500	31.1
1984,722505	55.0
1984,722506	54.0
1984,722510	34.0
1984,722515	28.0
1984,722516	32.1
1984,722517	49.9
1984,722520	46.0
1984,722524	15.0
1984,722526	25.1
1984,722530	38.1
1984,722533	35.9
1984,722535	28.0
1984,722536	29.9
1984,722540	34.0
1984,722545	32.1
1984,722550	38.1
1984,722555	25.1
1984,722556	33.0
1984,722560	28.9
1984,722570	34.0
1984,722576	29.9
1984,722577	40.0
1984,722580	29.9
1984,722585	35.0
1984,722588	40.0
1984,722590	32.1
1984,722595	32.1
1984,722596	28.0
1984,722597	25.1
1984,722598	46.0
1984,722599	28.0
1984,722600	26.0
1984,722610	32.1
1984,722615	31.1
1984,722620	70.9
1984,722630	35.0
1984,722636	35.9
1984,722637	40.0
1984,722640	40.0
1984,722650	46.0
1984,722656	35.0
1984,722660	35.9
1984,722665	35.0
1984,722670	42.9
1984,722673	32.1
1984,722675	40.0
1984,722700	32.1
1984,723510	40.0
1984,723604	55.0
1984,723630	41.0
1984,726388	23.9
1984,747300	24.1
1984,747400	28.0
1985,722094	25.1
1985,722337	22.9
1985,722410	35.9
1985,722415	22.0
1985,722420	49.9
1985,722422	34.0
1985,722430	27.0
1985,722433	28.0
1985,722435	40.0
1985,722436	29.9
1985,722439	24.1
1985,722445	25.1
1985,722446	25.1
1985,722447	25.1
1985,722448	47.0
1985,722500	35.9
1985,722505	46.0
1985,722506	32.1
1985,722510	31.1
1985,722515	40.0
1985,722516	28.0
1985,722517	51.1
1985,722520	28.0
1985,722526	40.0
1985,722530	28.0
1985,722533	30.1
1985,722535	28.0
1985,722536	26.0
1985,722540	28.9
1985,722545	34.0
1985,722550	35.9
1985,722555	29.9
1985,722556	30.1
1985,722560	38.1
1985,722570	24.1
1985,722576	28.0
1985,722577	40.0
1985,722580	49.9
1985,722581	25.1
1985,722585	32.1
1985,722588	21.0
1985,722590	40.0
1985,722595	35.9
1985,722596	49.9
1985,722597	51.1
1985,722598	49.9
1985,722599	24.1
1985,722600	35.0
1985,722610	31.1
1985,722615	32.1
1985,722620	62.9
1985,722630	30.1
1985,722636	35.0
1985,722637	49.0
1985,722640	40.0
1985,722650	46.0
1985,722656	27.0
1985,722660	30.1
1985,722665	35.9
1985,722666	28.0
1985,722670	35.0
1985,722673	49.9
1985,722675	29.9
1985,722700	32.1
1985,723510	35.9
1985,723604	40.0
1985,723630	35.9
1985,726388	18.8
1985,747300	26.0
1985,747400	31.1
1985,994110	31.9
1985,994260	31.9
1986,722094	33.0
1986,722337	19.0
1986,722410	48.0
1986,722415	8.9
1986,722420	28.9
1986,722422	35.0
1986,722429	25.1
1986,722430	35.0
1986,722435	32.1
1986,722436	24.1
1986,722439	45.1
1986,722445	28.9
1986,722446	22.9
1986,722447	25.1
1986,722448	48.0
1986,722453	15.0
1986,722500	30.1
1986,722505	48.0
1986,722506	52.1
1986,722508	9.9
1986,722510	35.0
1986,722515	28.0
1986,722516	28.0
1986,722517	44.1
1986,722520	45.1
1986,722524	35.0
1986,722526	47.0
1986,722530	42.0
1986,722533	24.1
1986,722535	32.1
1986,722536	29.9
1986,722540	29.9
1986,722545	26.0
1986,722550	27.0
1986,722555	29.9
1986,722556	26.0
1986,722557	12.8
1986,722560	34.0
1986,722570	35.9
1986,722575	29.9
1986,722576	28.9
1986,722577	48.0
1986,722581	29.9
1986,722585	35.0
1986,722588	46.0
1986,722590	31.1
1986,722595	38.1
1986,722596	48.0
1986,722597	25.1
1986,722598	47.0
1986,722599	49.9
1986,722600	20.0
1986,722610	32.1
1986,722615	27.0
1986,722620	48.0
1986,722630	35.9
1986,722636	40.0
1986,722637	33.0
1986,722640	49.9
1986,722650	40.0
1986,722656	28.9
1986,722660	34.0
1986,722665	32.1
1986,722666	8.0
1986,722670	45.1
1986,722673	26.0
1986,722675	35.9
1986,722700	22.0
1986,723510	32.1
1986,723604	32.1
1986,723630	32.1
1986,747300	24.1
1986,747400	32.1
1986,994110	35.0
1986,994260	49.0
1987,722094	21.0
1987,722337	25.1
1987,722410	33.0
1987,722413	25.1
1987,722420	29.9
1987,722422	47.0
1987,722429	28.0
1987,722430	28.0
1987,722435	45.1
1987,722436	34.0
1987,722439	26.0
1987,722445	39.0
1987,722446	30.1
1987,722447	47.0
1987,722448	47.0
1987,722453	9.9
1987,722500	28.9
1987,722505	47.0
1987,722506	35.0
1987,722510	33.0
1987,722515	29.9
1987,722516	30.1
1987,722517	35.0
1987,722520	49.9
1987,722524	8.0
1987,722526	47.0
1987,722530	29.9
1987,722533	25.1
1987,722535	32.1
1987,722536	32.1
1987,722537	25.1
1987,722540	33.0
1987,722545	28.0
1987,722550	33.0
1987,722555	31.1
1987,722556	30.1
1987,722560	35.9
1987,722570	35.0
1987,722575	40.0
1987,722576	35.0
1987,722577	47.0
1987,722581	47.0
1987,722585	35.0
1987,722588	25.1
1987,722590	35.9
1987,722595	31.1
1987,722596	35.9
1987,722597	29.9
1987,722598	49.9
1987,722599	49.0
1987,722600	25.1
1987,722610	29.9
1987,722615	36.9
1987,722620	54.0
1987,722630	40.0
1987,722636	35.9
1987,722640	46.0
1987,722650	40.0
1987,722656	24.1
1987,722660	32.1
1987,722665	29.9
1987,722666	9.9
1987,722670	42.9
1987,722673	40.0
1987,722675	33.0
1987,722700	35.9
1987,723510	38.1
1987,723604	51.1
1987,723630	38.1
1987,747300	24.1
1987,747400	23.9
1987,994110	33.0
1987,994260	29.9
1988,722094	35.0
1988,722337	28.0
1988,722410	38.1
1988,722413	20.0
1988,722420	26.0
1988,722422	40.0
1988,722426	33.0
1988,722429	24.1
1988,722430	35.9
1988,722435	45.1
1988,722436	28.0
1988,722439	32.1
1988,722445	49.9
1988,722446	31.1
1988,722447	46.0
1988,722448	49.9
1988,722453	15.0
1988,722500	35.9
1988,722505	46.0
1988,722506	41.0
1988,722510	32.1
1988,722515	30.1
1988,722516	33.0
1988,722517	54.0
1988,722520	42.0
1988,722524	13.0
1988,722526	44.1
1988,722530	27.0
1988,722533	22.0
1988,722535	29.9
1988,722536	28.0
1988,722537	25.1
1988,722540	35.9
1988,722545	29.9
1988,722550	34.0
1988,722555	41.0
1988,722556	42.9
1988,722560	30.1
1988,722570	29.9
1988,722575	46.0
1988,722576	29.9
1988,722577	49.9
1988,722581	42.9
1988,722585	38.1
1988,722587	5.1
1988,722588	32.1
1988,722590	37.1
1988,722595	28.0
1988,722596	28.9
1988,722597	28.0
1988,722598	47.0
1988,722599	48.0
1988,722600	26.0
1988,722610	42.0
1988,722615	29.9
1988,722620	56.9
1988,722630	40.0
1988,722636	45.1
1988,722640	40.0
1988,722650	34.0
1988,722656	39.0
1988,722660	30.1
1988,722665	29.9
1988,722670	42.0
1988,722673	29.9
1988,722675	40.0
1988,722700	32.1
1988,723510	44.1
1988,723604	40.0
1988,723630	40.0
1988,747300	34.0
1988,747400	28.9
1988,994110	31.9
1988,994260	33.0
1989,690190	29.9
1989,722337	35.0
1989,722410	27.0
1989,722420	29.9
1989,722422	42.0
1989,722426	20.0
1989,722429	36.9
1989,722430	34.0
1989,722435	35.0
1989,722436	40.0
1989,722439	25.1
1989,722445	29.9
1989,722446	27.0
1989,722447	33.0
1989,722448	25.1
1989,722453	15.0
1989,722500	30.1
1989,722505	51.1
1989,722506	35.0
1989,722510	28.9
1989,722515	33.0
1989,722516	30.1
1989,722517	28.9
1989,722520	29.9
1989,722524	22.0
1989,722526	31.1
1989,722527	20.0
1989,722530	29.9
1989,722533	22.9
1989,722535	29.9
1989,722536	28.0
1989,722537	47.0
1989,722540	30.1
1989,722545	27.0
1989,722550	33.0
1989,722555	29.9
1989,722556	32.1
1989,722560	29.9
1989,722570	34.0
1989,722575	35.0
1989,722576	29.9
1989,722577	49.9
1989,722581	26.0
1989,722585	40.0
1989,722587	15.0
1989,722588	20.0
1989,722590	34.0
1989,722595	44.1
1989,722596	51.1
1989,722597	25.1
1989,722598	47.0
1989,722599	46.0
1989,722600	25.1
1989,722610	28.9
1989,722615	32.1
1989,722620	58.1
1989,722630	40.0
1989,722636	53.0
1989,722640	28.9
1989,722650	35.9
1989,722656	40.0
1989,722660	35.0
1989,722670	40.0
1989,722673	29.9
1989,722675	34.0
1989,722700	27.0
1989,723510	49.0
1989,723604	42.0
1989,723630	40.0
1989,747300	28.9
1989,747400	27.0
1989,994110	33.0
1989,994260	47.0
1990,690190	35.0
1990,722337	22.9
1990,722410	24.1
1990,722420	29.9
1990,722422	18.1
1990,722423	40.0
1990,722429	25.1
1990,722430	28.0
1990,722435	42.9
1990,722436	29.9
1990,722439	22.9
1990,722445	40.0
1990,722446	31.1
1990,722447	35.0
1990,722448	46.0
1990,722453	22.9
1990,722500	30.1
1990,722505	48.0
1990,722506	35.0
1990,722510	35.0
1990,722515	34.0
1990,722516	27.0
1990,722517	54.0
1990,722520	49.0
1990,722524	20.0
1990,722526	20.0
1990,722527	12.0
1990,722530	27.0
1990,722533	28.0
1990,722535	24.1
1990,722536	29.9
1990,722537	25.1
1990,722540	29.9
1990,722545	35.9
1990,722550	34.0
1990,722555	29.9
1990,722556	32.1
1990,722560	39.0
1990,722570	29.9
1990,722575	33.0
1990,722576	35.0
1990,722577	48.0
1990,722581	22.0
1990,722583	22.9
1990,722585	37.1
1990,722587	20.0
1990,722588	20.0
1990,722590	35.0
1990,722595	40.0
1990,722596	40.0
1990,722597	40.0
1990,722598	47.0
1990,722599	49.9
1990,722600	28.0
1990,722610	28.0
1990,722615	29.9
1990,722620	58.1
1990,722630	35.9
1990,722636	42.0
1990,722640	27.0
1990,722650	40.0
1990,722656	38.1
1990,722660	40.0
1990,722670	40.0
1990,722673	27.0
1990,722675	34.0
1990,722700	29.9
1990,723510	35.9
1990,723604	35.0
1990,723630	38.1
1990,747300	29.9
1990,747400	28.0
1990,994110	35.0
1990,994260	40.0
1990,994510	35.0
1991,690190	29.9
1991,722337	22.9
1991,722410	35.0
1991,722420	35.9
1991,722423	45.1
1991,722429	29.9
1991,722430	31.1
1991,722435	40.0
1991,722436	40.0
1991,722439	28.0
1991,722445	40.0
1991,722446	33.0
1991,722447	20.0
1991,722448	29.9
1991,722453	13.0
1991,722470	49.0
1991,722500	28.9
1991,722505	49.9
1991,722506	28.0
1991,722510	32.1
1991,722515	32.1
1991,722516	26.0
1991,722517	35.0
1991,722520	49.9
1991,722524	17.1
1991,722526	28.0
1991,722530	24.1
1991,722533	25.1
1991,722535	29.9
1991,722536	25.1
1991,722537	25.1
1991,722540	30.1
1991,722545	29.9
1991,722550	29.9
1991,722555	51.1
1991,722556	35.0
1991,722560	31.1
1991,722570	35.0
1991,722575	31.1
1991,722576	42.9
1991,722577	40.0
1991,722583	28.0
1991,722585	26.0
1991,722587	15.0
1991,722588	29.9
1991,722590	38.1
1991,722594	39.0
1991,722595	35.9
1991,722596	51.1
1991,722597	25.1
1991,722598	29.9
1991,722599	22.0
1991,722600	24.1
1991,722610	32.1
1991,722615	32.1
1991,722620	63.9
1991,722630	37.1
1991,722636	52.1
1991,722640	35.0
1991,722650	42.0
1991,722656	34.0
1991,722660	30.1
1991,722670	39.0
1991,722673	40.0
1991,722675	40.0
1991,722700	32.1
1991,723510	32.1
1991,723604	40.0
1991,723630	42.0
1991,747300	40.0
1991,747400	32.1
1991,994110	35.0
1991,994260	35.0
1991,994510	16.9
1992,690190	29.9
1992,722337	39.8
1992,722410	35.0
1992,722420	49.9
1992,722429	46.8
1992,722430	42.0
1992,722435	35.0
1992,722436	29.9
1992,722439	15.0
1992,722445	28.0
1992,722446	25.1
1992,722448	29.9
1992,722453	17.9
1992,722470	33.0
1992,722499	20.0
1992,722500	26.8
1992,722505	25.1
1992,722506	32.8
1992,722510	33.0
1992,722515	26.0
1992,722516	33.0
1992,722517	29.9
1992,722520	25.1
1992,722524	17.9
1992,722526	22.9
1992,722530	28.0
1992,722533	22.9
1992,722535	25.8
1992,722536	24.1
1992,722537	47.8
1992,722540	32.1
1992,722545	39.8
1992,722546	28.0
1992,722547	23.9
1992,722550	30.1
1992,722555	33.0
1992,722556	29.9
1992,722560	35.9
1992,722563	30.9
1992,722570	30.9
1992,722575	28.0
1992,722576	39.8
1992,722577	31.9
1992,722583	25.1
1992,722585	32.1
1992,722588	42.9
1992,722590	36.9
1992,722594	42.0
1992,722595	39.8
1992,722596	44.1
1992,722597	29.9
1992,722598	49.9
1992,722599	43.9
1992,722600	24.1
1992,722610	33.8
1992,722615	33.0
1992,722620	54.0
1992,722630	40.0
1992,722636	42.0
1992,722640	37.9
1992,722650	39.0
1992,722656	28.0
1992,722660	29.9
1992,722670	45.1
1992,722673	29.9
1992,722675	40.0
1992,722700	26.0
1992,723510	31.9
1992,723604	31.9
1992,723630	32.1
1992,747300	27.0
1992,747400	47.8
1992,994110	33.0
1992,994260	35.0
1993,690190	35.9
1993,722337	54.8
1993,722410	28.0
1993,722420	49.9
1993,722429	47.8
1993,722430	30.1
1993,722435	49.9
1993,722436	49.9
1993,722445	28.9
1993,722446	24.9
1993,722448	46.8
1993,722453	16.9
1993,722470	45.8
1993,722499	24.9
1993,722500	38.1
1993,722505	49.9
1993,722506	49.9
1993,722510	35.0
1993,722515	35.0
1993,722516	35.0
1993,722517	49.9
1993,722520	50.9
1993,722524	17.9
1993,722526	17.9
1993,722530	22.0
1993,722533	25.1
1993,722535	29.9
1993,722536	28.0
1993,722540	31.9
1993,722545	28.0
1993,722546	28.0
1993,722547	25.8
1993,722550	35.0
1993,722555	28.0
1993,722560	31.1
1993,722563	28.9
1993,722570	26.8
1993,722575	31.9
1993,722576	40.8
1993,722577	30.9
1993,722583	26.8
1993,722585	33.8
1993,722587	28.9
1993,722588	29.9
1993,722590	32.1
1993,722594	49.9
1993,722595	54.8
1993,722596	49.9
1993,722597	23.9
1993,722598	49.9
1993,722599	47.8
1993,722600	21.0
1993,722610	47.8
1993,722615	42.0
1993,722620	65.9
1993,722630	35.9
1993,722636	39.8
1993,722640	53.8
1993,722650	42.0
1993,722656	39.8
1993,722660	37.9
1993,722670	41.0
1993,722673	49.9
1993,722675	35.0
1993,722700	30.1
1993,723510	39.0
1993,723604	44.9
1993,723630	38.9
1993,747300	23.9
1993,747400	47.8
1993,994110	37.9
1993,994260	35.9
1994,690190	36.9
1994,722410	30.9
1994,722420	44.9
1994,722429	49.9
1994,722430	28.0
1994,722435	28.9
1994,722436	25.8
1994,722445	35.0
1994,722446	28.0
1994,722448	49.9
1994,722453	29.9
1994,722470	45.8
1994,722499	22.9
1994,722500	28.0
1994,722505	49.9
1994,722506	50.9
1994,722510	29.9
1994,722515	31.9
1994,722516	31.1
1994,722517	50.9
1994,722520	49.9
1994,722524	19.8
1994,722526	22.0
1994,722530	40.0
1994,722533	30.1
1994,722535	29.9
1994,722536	49.9
1994,722540	31.1
1994,722545	30.9
1994,722546	29.9
1994,722547	23.9
1994,722550	31.1
1994,722555	49.9
1994,722560	35.0
1994,722563	25.8
1994,722570	43.9
1994,722575	28.0
1994,722576	30.9
1994,722577	35.0
1994,722583	24.9
1994,722585	30.1
1994,722587	36.9
1994,722588	49.9
1994,722590	30.1
1994,722594	47.8
1994,722595	28.9
1994,722596	24.9
1994,722597	22.9
1994,722598	46.8
1994,722599	49.9
1994,722600	24.1
1994,722610	47.8
1994,722615	39.8
1994,722620	57.9
1994,722630	35.9
1994,722636	44.9
1994,722640	35.9
1994,722650	35.9
1994,722656	25.8
1994,722660	32.1
1994,722670	39.8
1994,722673	44.9
1994,722675	40.8
1994,722700	35.9
1994,723510	42.9
1994,723604	36.9
1994,723630	44.9
1994,747300	25.8
1994,747400	26.8
1994,994110	36.9
1994,994260	35.0
1995,690190	35.0
1995,722410	32.1
1995,722420	37.9
1995,722429	46.8
1995,722430	29.9
1995,722435	32.8
1995,722436	28.9
1995,722445	29.9
1995,722446	24.9
1995,722448	29.9
1995,722453	17.9
1995,722470	46.8
1995,722499	21.0
1995,722500	31.1
1995,722505	46.8
1995,722506	26.8
1995,722510	35.9
1995,722515	31.9
1995,722516	29.9
1995,722517	36.9
1995,722520	47.8
1995,722524	24.9
1995,722526	29.9
1995,722530	26.8
1995,722535	43.9
1995,722536	31.9
1995,722540	29.9
1995,722545	31.9
1995,722546	32.8
1995,722547	32.8
1995,722550	45.8
1995,722555	35.0
1995,722560	28.9
1995,722563	28.9
1995,722570	35.9
1995,722575	26.8
1995,722576	24.9
1995,722577	30.9
1995,722583	50.9
1995,722585	35.9
1995,722587	35.9
1995,722588	31.9
1995,722590	34.0
1995,722594	54.8
1995,722595	35.0
1995,722596	25.8
1995,722597	29.9
1995,722598	43.9
1995,722599	54.8
1995,722610	47.8
1995,722615	44.9
1995,722620	62.9
1995,722630	35.0
1995,722636	39.8
1995,722640	39.8
1995,722650	39.8
1995,722656	38.9
1995,722660	33.8
1995,722670	36.9
1995,722673	49.9
1995,722675	36.9
1995,722700	33.8
1995,723510	41.0
1995,723604	39.8
1995,723630	37.9
1995,747300	31.9
1995,747400	28.9
1995,994110	36.9
1995,994260	31.9
1996,690190	49.9
1996,722410	27.0
1996,722420	32.8
1996,722429	43.9
1996,722430	36.9
1996,722435	44.9
1996,722436	37.9
1996,722445	23.9
1996,722446	26.0
1996,722448	44.9
1996,722453	10.9
1996,722470	49.9
1996,722499	21.0
1996,722500	35.0
1996,722505	49.0
1996,722506	35.9
1996,722510	35.0
1996,722515	44.9
1996,722516	31.1
1996,722517	35.0
1996,722518	27.0
1996,722520	51.9
1996,722524	31.9
1996,722526	25.1
1996,722530	30.9
1996,722533	32.8
1996,722535	34.0
1996,722536	40.8
1996,722540	26.0
1996,722545	23.9
1996,722546	31.9
1996,722547	23.9
1996,722550	33.0
1996,722555	36.9
1996,722560	32.1
1996,722563	29.9
1996,722570	50.9
1996,722575	28.9
1996,722576	37.9
1996,722577	33.8
1996,722583	49.9
1996,722585	28.0
1996,722587	30.9
1996,722588	20.0
1996,722590	39.8
1996,722594	48.0
1996,722595	28.0
1996,722596	51.9
1996,722597	50.9
1996,722598	49.9
1996,722599	49.9
1996,722610	31.1
1996,722615	32.1
1996,722620	63.9
1996,722630	44.9
1996,722636	52.1
1996,722640	46.8
1996,722650	38.1
1996,722656	40.8
1996,722660	47.0
1996,722670	42.0
1996,722673	44.9
1996,722675	37.9
1996,722700	46.8
1996,723510	43.9
1996,723513	23.9
1996,723604	37.9
1996,723630	35.9
1996,747300	26.8
1996,747400	49.0
1996,994110	31.9
1996,994260	33.0
1997,690190	44.9
1997,722410	33.0
1997,722420	30.9
1997,722429	25.1
1997,722430	27.0
1997,722435	49.9
1997,722436	25.1
1997,722445	26.0
1997,722446	24.1
1997,722448	22.0
1997,722453	13.0
1997,722470	25.1
1997,722499	22.9
1997,722500	46.0
1997,722505	28.0
1997,722506	35.9
1997,722510	34.0
1997,722515	34.0
1997,722516	35.9
1997,722517	26.0
1997,722518	27.0
1997,722520	43.9
1997,722524	30.9
1997,722526	44.9
1997,722530	34.0
1997,722533	32.1
1997,722535	23.9
1997,722536	23.9
1997,722540	44.9
1997,722541	28.0
1997,722542	28.0
1997,722543	40.0
1997,722547	22.0
1997,722550	34.0
1997,722555	33.0
1997,722560	34.0
1997,722563	23.9
1997,722570	29.9
1997,722575	23.9
1997,722576	35.9
1997,722577	33.0
1997,722583	49.9
1997,722585	24.1
1997,722587	33.0
1997,722588	48.0
1997,722590	38.1
1997,722594	49.9
1997,722595	35.9
1997,722596	35.0
1997,722597	35.0
1997,722598	55.0
1997,722599	35.0
1997,722610	42.0
1997,722615	29.9
1997,722630	42.0
1997,722636	39.0
1997,722640	32.1
1997,722650	35.0
1997,722654	19.0
1997,722656	35.0
1997,722660	42.0
1997,722670	37.9
1997,722673	25.1
1997,722675	32.1
1997,722700	36.9
1997,723510	46.0
1997,723604	43.9
1997,723630	32.1
1997,747400	20.0
1997,994110	35.9
1997,994260	35.0
1998,690190	30.9
1998,722410	31.1
1998,722420	32.1
1998,722429	28.9
1998,722430	30.1
1998,722435	29.9
1998,722436	49.9
1998,722445	23.9
1998,722446	47.0
1998,722448	52.1
1998,722453	18.1
1998,722470	25.1
1998,722499	26.0
1998,722500	29.9
1998,722505	42.0
1998,722506	30.9
1998,722510	35.9
1998,722515	41.0
1998,722516	28.9
1998,722517	44.9
1998,722520	29.9
1998,722523	23.9
1998,722524	32.1
1998,722526	25.1
1998,722527	22.0
1998,722530	33.0
1998,722533	29.9
1998,722535	46.0
1998,722536	30.9
1998,722539	28.9
1998,722540	28.0
1998,722541	40.0
1998,722542	30.9
1998,722543	26.0
1998,722545	42.0
1998,722547	28.0
1998,722550	34.0
1998,722555	30.9
1998,722560	30.9
1998,722563	27.0
1998,722570	25.1
1998,722575	29.9
1998,722576	29.9
1998,722577	28.0
1998,722583	30.9
1998,722585	16.9
1998,722587	33.0
1998,722588	49.9
1998,722589	28.9
1998,722590	35.9
1998,722594	28.9
1998,722595	33.0
1998,722596	32.1
1998,722597	28.0
1998,722598	35.0
1998,722599	30.9
1998,722610	30.1
1998,722615	40.0
1998,722618	39.0
1998,722630	36.9
1998,722636	41.0
1998,722640	39.0
1998,722650	34.0
1998,722656	37.9
1998,722660	48.0
1998,722670	42.9
1998,722673	40.0
1998,722700	46.0
1998,723510	53.0
1998,723604	35.0
1998,723630	33.0
1998,747400	22.0
1998,994110	45.8
1998,994260	41.0
1999,690190	28.0
1999,722410	25.1
1999,722416	35.9
1999,722420	39.0
1999,722429	23.9
1999,722430	30.9
1999,722435	32.1
1999,722436	49.9
1999,722444	21.0
1999,722445	24.1
1999,722446	25.1
1999,722447	20.0
1999,722448	30.9
1999,722469	27.0
1999,722470	28.9
1999,722479	26.0
1999,722489	42.9
1999,722499	25.1
1999,722500	33.0
1999,722505	34.0
1999,722506	33.0
1999,722510	40.0
1999,722515	42.9
1999,722516	31.1
1999,722517	36.9
1999,722520	46.0
1999,722523	28.9
1999,722524	46.0
1999,722526	50.9
1999,722527	28.9
1999,722530	32.1
1999,722533	37.9
1999,722535	49.9
1999,722536	35.9
1999,722539	35.0
1999,722540	28.9
1999,722541	35.0
1999,722542	30.9
1999,722543	29.9
1999,722545	29.9
1999,722547	28.9
1999,722550	30.9
1999,722555	50.9
1999,722560	36.9
1999,722563	30.9
1999,722570	23.9
1999,722575	28.0
1999,722576	23.9
1999,722577	32.1
1999,722583	28.0
1999,722587	28.0
1999,722588	26.0
1999,722589	35.9
1999,722590	32.1
1999,722594	39.0
1999,722595	32.1
1999,722596	30.9
1999,722597	40.0
1999,722598	35.0
1999,722599	29.9
1999,722610	32.1
1999,722615	35.0
1999,722618	35.9
1999,722620	44.9
1999,722630	30.1
1999,722636	40.0
1999,722640	36.9
1999,722650	34.0
1999,722656	34.0
1999,722660	33.0
1999,722670	40.0
1999,722673	29.9
1999,722700	42.0
1999,723510	37.9
1999,723513	20.0
1999,723604	40.0
1999,723630	35.9
1999,723635	35.0
1999,747400	24.1
1999,994110	41.0
1999,994260	35.0
2000,690190	33.0
2000,722410	30.9
2000,722416	28.0
2000,722420	33.0
2000,722429	22.9
2000,722430	30.1
2000,722435	35.0
2000,722436	34.0
2000,722444	25.1
2000,722445	27.0
2000,722446	28.0
2000,722447	21.0
2000,722448	26.0
2000,722453	20.0
2000,722469	32.1
2000,722470	25.3
2000,722479	33.0
2000,722489	31.1
2000,722499	25.1
2000,722500	36.9
2000,722505	38.9
2000,722506	28.0
2000,722510	35.0
2000,722515	35.0
2000,722516	35.0
2000,722517	31.1
2000,722520	38.9
2000,722523	25.1
2000,722524	31.1
2000,722526	35.0
2000,722527	27.2
2000,722530	28.0
2000,722533	30.1
2000,722535	28.0
2000,722536	28.0
2000,722539	28.9
2000,722540	29.9
2000,722541	39.0
2000,722542	23.9
2000,722543	23.3
2000,722544	24.1
2000,722547	27.0
2000,722550	28.0
2000,722555	46.0
2000,722560	39.0
2000,722563	25.1
2000,722570	25.1
2000,722575	27.0
2000,722576	49.9
2000,722577	27.2
2000,722583	28.9
2000,722587	46.6
2000,722588	29.1
2000,722589	36.9
2000,722590	42.0
2000,722594	31.1
2000,722595	28.9
2000,722596	32.1
2000,722597	26.0
2000,722598	35.0
2000,722599	33.0
2000,722610	34.0
2000,722615	33.0
2000,722618	35.0
2000,722620	62.0
2000,722630	33.0
2000,722636	47.0
2000,722640	32.1
2000,722650	35.0
2000,722656	41.0
2000,722660	32.1
2000,722670	40.0
2000,722673	35.0
2000,722700	36.9
2000,723510	37.9
2000,723513	28.9
2000,723604	45.1
2000,723630	37.9
2000,723635	44.7
2000,747400	30.1
2000,994110	38.9
2000,994260	34.0
2001,690190	34.0
2001,722410	35.0
2001,722416	33.0
2001,722420	33.0
2001,722427	18.1
2001,722429	30.9
2001,722430	32.1
2001,722435	35.9
2001,722436	28.0
2001,722444	29.9
2001,722445	25.1
2001,722446	22.9
2001,722447	20.0
2001,722448	31.1
2001,722469	34.0
2001,722470	34.0
2001,722479	30.9
2001,722489	28.0
2001,722499	28.0
2001,722500	28.0
2001,722505	35.9
2001,722506	30.9
2001,722508	26.0
2001,722510	40.0
2001,722515	32.1
2001,722516	28.0
2001,722517	32.1
2001,722520	32.1
2001,722523	29.9
2001,722524	28.0
2001,722526	34.0
2001,722527	25.1
2001,722530	28.9
2001,722533	32.1
2001,722535	23.9
2001,722536	32.1
2001,722539	33.0
2001,722540	36.9
2001,722541	35.9
2001,722542	28.0
2001,722543	30.9
2001,722544	26.0
2001,722547	25.1
2001,722550	28.9
2001,722555	34.0
2001,722560	28.9
2001,722563	33.0
2001,722570	22.9
2001,722575	26.0
2001,722576	28.0
2001,722577	32.1
2001,722583	31.1
2001,722587	32.1
2001,722588	25.1
2001,722589	30.9
2001,722590	34.0
2001,722593	12.0
2001,722594	34.0
2001,722595	35.0
2001,722596	34.0
2001,722597	32.1
2001,722598	29.9
2001,722599	35.0
2001,722610	35.9
2001,722615	26.0
2001,722616	33.0
2001,722618	35.9
2001,722620	59.1
2001,722630	37.9
2001,722636	47.0
2001,722640	36.9
2001,722648	39.0
2001,722650	40.0
2001,722656	39.0
2001,722660	33.0
2001,722670	40.0
2001,722673	44.9
2001,722700	42.0
2001,723510	46.0
2001,723604	45.1
2001,723630	46.0
2001,723635	34.0
2001,747400	27.0
2001,994110	62.2
2001,994260	69.9
2002,690190	28.0
2002,722410	35.9
2002,722416	30.9
2002,722420	34.0
2002,722427	25.1
2002,722429	26.0
2002,722430	33.0
2002,722435	34.0
2002,722436	33.0
2002,722444	22.9
2002,722445	29.9
2002,722446	22.9
2002,722447	23.9
2002,722448	34.0
2002,722469	28.0
2002,722470	30.9
2002,722479	33.0
2002,722489	30.9
2002,722499	26.0
2002,722500	31.1
2002,722505	42.9
2002,722506	30.9
2002,722508	29.9
2002,722510	42.9
2002,722515	39.0
2002,722516	33.0
2002,722517	41.0
2002,722520	32.1
2002,722523	41.0
2002,722524	30.9
2002,722526	27.0
2002,722527	26.0
2002,722530	30.9
2002,722533	37.9
2002,722535	29.9
2002,722536	28.0
2002,722537	25.1
2002,722539	34.0
2002,722540	32.1
2002,722541	27.0
2002,722542	34.0
2002,722543	35.0
2002,722544	20.0
2002,722547	27.0
2002,722550	35.0
2002,722552	35.9
2002,722553	28.9
2002,722554	27.0
2002,722555	34.0
2002,722560	34.0
2002,722563	26.0
2002,722570	27.0
2002,722575	33.0
2002,722576	37.9
2002,722577	28.0
2002,722583	30.9
2002,722587	36.9
2002,722588	22.0
2002,722589	37.9
2002,722590	43.9
2002,722593	22.9
2002,722594	26.0
2002,722595	34.0
2002,722596	35.9
2002,722597	32.1
2002,722598	35.0
2002,722599	39.0
2002,722610	30.9
2002,722615	29.9
2002,722616	33.0
2002,722618	43.9
2002,722620	50.9
2002,722630	37.1
2002,722636	42.9
2002,722640	37.9
2002,722648	34.0
2002,722650	35.9
2002,722656	31.1
2002,722660	30.1
2002,722666	22.9
2002,722670	39.0
2002,722673	25.1
2002,722700	35.0
2002,723510	42.0
2002,723604	35.0
2002,723630	38.1
2002,723635	35.9
2002,747400	22.9
2002,994110	73.8
2002,994260	64.1
2002,994510	50.5
2003,690190	32.1
2003,722410	30.9
2003,722416	32.1
2003,722420	35.0
2003,722427	23.9
2003,722429	27.0
2003,722430	27.0
2003,722435	26.0
2003,722436	40.0
2003,722444	22.9
2003,722445	35.9
2003,722446	27.0
2003,722447	22.0
2003,722448	32.1
2003,722469	29.9
2003,722470	35.9
2003,722479	36.9
2003,722489	30.9
2003,722499	23.9
2003,722500	28.9
2003,722505	28.9
2003,722506	27.0
2003,722508	27.0
2003,722510	36.9
2003,722515	44.9
2003,722516	37.9
2003,722517	29.9
2003,722520	46.0
2003,722523	27.0
2003,722524	28.0
2003,722526	29.9
2003,722527	26.0
2003,722530	30.1
2003,722533	29.9
2003,722535	34.0
2003,722536	27.0
2003,722537	28.0
2003,722539	32.1
2003,722540	30.1
2003,722541	34.0
2003,722542	25.1
2003,722543	23.9
2003,722544	19.0
2003,722547	34.0
2003,722550	52.1
2003,722552	43.9
2003,722553	27.0
2003,722554	23.9
2003,722555	28.9
2003,722560	30.1
2003,722563	28.9
2003,722570	40.0
2003,722575	30.9
2003,722576	28.0
2003,722577	32.1
2003,722583	30.1
2003,722587	35.0
2003,722588	28.9
2003,722589	32.1
2003,722590	35.9
2003,722593	28.0
2003,722594	43.9
2003,722595	29.9
2003,722596	33.0
2003,722597	28.9
2003,722598	40.0
2003,722599	42.9
2003,722600	28.9
2003,722610	32.1
2003,722615	30.9
2003,722616	34.0
2003,722618	36.9
2003,722620	57.9
2003,722630	39.0
2003,722636	40.0
2003,722637	33.0
2003,722640	40.0
2003,722648	40.0
2003,722650	39.0
2003,722656	38.1
2003,722660	35.9
2003,722666	28.9
2003,722670	43.9
2003,722673	30.9
2003,722700	42.0
2003,723510	40.0
2003,723604	37.1
2003,723630	35.9
2003,723635	33.0
2003,747400	28.0
2003,994110	40.0
2003,994260	44.9
2004,690190	32.1
2004,690290	28.0
2004,720110	28.0
2004,720150	18.1
2004,720151	34.0
2004,720261	25.1
2004,720269	27.0
2004,720271	35.0
2004,720273	25.1
2004,720276	28.0
2004,720281	29.9
2004,720286	26.0
2004,720287	33.0
2004,720291	29.9
2004,720295	28.9
2004,720296	23.9
2004,720298	25.1
2004,720299	40.0
2004,720302	22.0
2004,720303	27.0
2004,720305	26.0
2004,720311	23.9
2004,720314	41.0
2004,720315	35.0
2004,720316	28.0
2004,720318	28.0
2004,720320	28.0
2004,720323	25.1
2004,722042	22.0
2004,722094	26.0
2004,722102	30.9
2004,722107	35.0
2004,722112	19.0
2004,722113	22.0
2004,722122	29.9
2004,722143	28.0
2004,722159	25.1
2004,722169	37.9
2004,722174	35.9
2004,722192	28.0
2004,722202	29.9
2004,722209	25.1
2004,722214	35.0
2004,722323	23.9
2004,722324	33.0
2004,722338	28.9
2004,722351	23.9
2004,722410	28.9
2004,722416	32.1
2004,722420	33.0
2004,722427	23.9
2004,722429	25.1
2004,722430	39.0
2004,722435	32.1
2004,722436	35.0
2004,722444	28.0
2004,722445	27.0
2004,722446	30.9
2004,722447	25.1
2004,722448	34.0
2004,722453	33.0
2004,722469	44.9
2004,722470	30.9
2004,722479	35.9
2004,722489	35.0
2004,722499	22.9
2004,722500	32.1
2004,722505	32.1
2004,722506	28.0
2004,722508	28.9
2004,722510	35.0
2004,722515	30.9
2004,722516	32.1
2004,722517	35.0
2004,722520	42.9
2004,722523	24.1
2004,722524	35.0
2004,722526	35.0
2004,722527	28.0
2004,722530	34.0
2004,722533	39.0
2004,722535	35.0
2004,722536	28.0
2004,722537	25.1
2004,722539	39.0
2004,722540	33.0
2004,722541	34.0
2004,722542	28.9
2004,722543	27.0
2004,722544	23.9
2004,722547	28.0
2004,722550	34.0
2004,722552	35.9
2004,722553	27.0
2004,722554	25.1
2004,722555	34.0
2004,722560	30.1
2004,722563	28.9
2004,722570	22.9
2004,722575	27.0
2004,722576	35.0
2004,722577	28.9
2004,722583	30.1
2004,722587	35.9
2004,722588	28.0
2004,722589	32.1
2004,722590	35.9
2004,722593	28.9
2004,722594	29.9
2004,722595	35.9
2004,722596	47.0
2004,722597	46.0
2004,722598	29.9
2004,722599	33.0
2004,722600	26.0
2004,722610	44.9
2004,722615	39.0
2004,722616	33.0
2004,722618	35.9
2004,722620	56.9
2004,722630	41.0
2004,722636	44.9
2004,722637	33.0
2004,722640	35.9
2004,722648	33.0
2004,722650	35.0
2004,722656	33.0
2004,722660	32.1
2004,722666	27.0
2004,722670	39.0
2004,722700	39.0
2004,723510	44.9
2004,723513	15.9
2004,723604	41.0
2004,723630	47.0
2004,723635	32.1
2004,747335	22.0
2004,747355	33.0
2004,747400	25.1
2004,994110	46.6
2004,994260	33.0
2004,994730	33.0
2004,999999	22.5
2005,690190	33.0
2005,720110	23.9
2005,720151	34.0
2005,720261	25.1
2005,720269	28.9
2005,720271	41.0
2005,720273	28.9
2005,720276	36.9
2005,720281	35.0
2005,720286	32.1
2005,720287	30.9
2005,720291	28.9
2005,720295	29.9
2005,720296	25.1
2005,720298	26.0
2005,720299	27.0
2005,720302	23.9
2005,720303	32.1
2005,720305	28.0
2005,720311	27.0
2005,720314	28.9
2005,720315	42.0
2005,720316	34.0
2005,720318	28.0
2005,720320	29.9
2005,720323	26.0
2005,722008	32.1
2005,722042	23.9
2005,722094	26.0
2005,722107	35.0
2005,722112	28.0
2005,722113	28.9
2005,722122	34.0
2005,722143	28.0
2005,722159	29.9
2005,722169	37.9
2005,722174	36.9
2005,722192	33.0
2005,722202	32.1
2005,722209	29.9
2005,722214	44.9
2005,722323	23.9
2005,722324	37.9
2005,722338	27.0
2005,722351	29.9
2005,722362	30.9
2005,722363	27.0
2005,722410	55.9
2005,722416	31.1
2005,722420	42.0
2005,722427	30.9
2005,722429	27.0
2005,722430	35.0
2005,722435	33.0
2005,722436	28.0
2005,722444	28.9
2005,722445	28.9
2005,722446	25.1
2005,722447	32.1
2005,722448	31.1
2005,722453	25.1
2005,722469	35.0
2005,722470	35.0
2005,722479	27.0
2005,722489	40.0
2005,722499	26.0
2005,722500	39.0
2005,722505	36.9
2005,722506	46.0
2005,722508	33.0
2005,722510	39.0
2005,722515	40.0
2005,722516	33.0
2005,722517	42.0
2005,722520	28.9
2005,722523	27.0
2005,722524	35.9
2005,722526	29.9
2005,722527	28.9
2005,722530	28.0
2005,722533	42.9
2005,722535	26.0
2005,722536	28.9
2005,722537	27.0
2005,722539	40.0
2005,722540	35.0
2005,722541	30.9
2005,722542	26.0
2005,722543	34.0
2005,722544	22.9
2005,722547	28.0
2005,722550	33.0
2005,722552	32.1
2005,722553	28.9
2005,722554	26.0
2005,722555	40.0
2005,722560	34.0
2005,722563	26.0
2005,722570	32.1
2005,722575	27.0
2005,722576	28.0
2005,722577	28.9
2005,722583	35.0
2005,722587	32.1
2005,722588	28.0
2005,722589	36.9
2005,722590	31.1
2005,722593	29.9
2005,722594	37.9
2005,722595	27.0
2005,722596	28.0
2005,722597	40.0
2005,722598	25.1
2005,722599	29.9
2005,722600	27.0
2005,722610	28.9
2005,722615	29.9
2005,722616	32.1
2005,722618	37.9
2005,722620	55.0
2005,722630	27.0
2005,722636	42.0
2005,722637	32.1
2005,722640	38.1
2005,722648	43.9
2005,722650	34.0
2005,722656	44.1
2005,722660	36.9
2005,722666	28.0
2005,722670	38.1
2005,722700	38.1
2005,723510	40.0
2005,723604	42.0
2005,723628	26.0
2005,723629	30.9
2005,723630	35.9
2005,723635	35.0
2005,723761	22.0
2005,724462	32.1
2005,726388	16.9
2005,747335	25.1
2005,747355	29.9
2005,747400	32.1
2005,994037	35.9
2005,994110	40.8
2005,994260	70.9
2005,997361	56.3
2005,997363	48.6
2005,997366	52.4
2005,997369	23.9
2005,997370	38.9
2005,999999	32.1
2006,690190	31.1
2006,720110	28.9
2006,720151	35.0
2006,720261	27.0
2006,720269	27.0
2006,720271	35.0
2006,720273	30.9
2006,720276	37.9
2006,720281	36.9
2006,720286	29.9
2006,720287	30.9
2006,720291	33.0
2006,720295	35.0
2006,720296	20.0
2006,720298	26.0
2006,720299	29.9
2006,720302	30.9
2006,720303	32.1
2006,720305	31.1
2006,720311	35.9
2006,720314	26.0
2006,720315	43.9
2006,720316	33.0
2006,720318	29.9
2006,720320	32.1
2006,720323	36.9
2006,722008	30.9
2006,722042	28.9
2006,722094	31.1
2006,722107	36.9
2006,722112	22.0
2006,722113	23.9
2006,722122	38.1
2006,722143	28.9
2006,722159	32.1
2006,722169	35.9
2006,722174	42.0
2006,722192	35.0
2006,722202	32.1
2006,722209	32.1
2006,722214	40.0
2006,722323	28.0
2006,722324	33.0
2006,722338	35.0
2006,722351	30.9
2006,722362	30.9
2006,722363	42.0
2006,722410	29.7
2006,722416	37.7
2006,722420	35.0
2006,722427	29.9
2006,722429	28.0
2006,722430	36.7
2006,722435	32.1
2006,722436	44.9
2006,722444	25.1
2006,722445	33.6
2006,722446	25.8
2006,722447	22.0
2006,722448	29.9
2006,722453	25.1
2006,722469	40.0
2006,722470	28.7
2006,722479	32.1
2006,722489	29.9
2006,722499	28.9
2006,722500	33.0
2006,722505	46.0
2006,722506	38.7
2006,722508	42.9
2006,722510	35.9
2006,722515	35.9
2006,722516	29.9
2006,722517	29.9
2006,722520	47.0
2006,722523	24.9
2006,722524	35.9
2006,722526	37.7
2006,722527	27.0
2006,722530	33.6
2006,722533	32.6
2006,722535	34.0
2006,722536	28.0
2006,722537	32.1
2006,722539	34.0
2006,722540	38.7
2006,722541	29.9
2006,722542	40.0
2006,722543	27.0
2006,722544	28.7
2006,722547	28.9
2006,722550	34.8
2006,722552	33.0
2006,722553	32.1
2006,722554	28.0
2006,722555	36.9
2006,722560	32.1
2006,722563	29.9
2006,722570	35.0
2006,722575	28.9
2006,722576	36.9
2006,722577	34.0
2006,722583	28.9
2006,722587	35.0
2006,722588	39.0
2006,722589	28.0
2006,722590	42.5
2006,722593	34.0
2006,722594	32.1
2006,722595	36.9
2006,722596	41.6
2006,722597	32.1
2006,722598	47.0
2006,722599	38.1
2006,722600	30.9
2006,722610	39.6
2006,722615	40.0
2006,722616	34.0
2006,722618	32.1
2006,722620	58.1
2006,722630	31.7
2006,722636	49.5
2006,722637	36.9
2006,722640	36.9
2006,722648	35.9
2006,722650	36.9
2006,722654	32.1
2006,722656	40.6
2006,722660	35.7
2006,722666	30.9
2006,722670	42.5
2006,722700	38.7
2006,723510	41.0
2006,723604	45.6
2006,723628	34.0
2006,723629	25.1
2006,723630	40.6
2006,723635	35.0
2006,723761	28.0
2006,724462	23.9
2006,747335	25.1
2006,747355	34.0
2006,747400	33.0
2006,994110	52.4
2006,994260	66.0
2006,997361	50.5
2006,997363	69.9
2006,997366	42.0
2006,997369	44.7
2006,997370	42.7
2006,997729	36.9
2006,999999	47.0
2007,690190	35.9
2007,720110	26.0
2007,720151	34.0
2007,720261	33.0
2007,720269	35.0
2007,720271	41.0
2007,720273	23.9
2007,720276	29.9
2007,720281	42.0
2007,720286	33.0
2007,720287	37.9
2007,720291	29.9
2007,720295	36.9
2007,720296	22.9
2007,720298	25.1
2007,720299	32.1
2007,720302	22.0
2007,720303	39.0
2007,720305	33.0
2007,720311	29.9
2007,720314	29.9
2007,720315	42.9
2007,720316	33.0
2007,720318	34.0
2007,720320	39.0
2007,720323	32.1
2007,720391	27.0
2007,720393	34.0
2007,720395	27.0
2007,720396	22.9
2007,720403	20.0
2007,720404	25.1
2007,722008	30.9
2007,722042	22.0
2007,722094	32.1
2007,722107	35.9
2007,722112	32.1
2007,722113	22.0
2007,722122	40.0
2007,722143	35.9
2007,722159	27.0
2007,722169	43.1
2007,722174	40.0
2007,722192	37.9
2007,722202	29.9
2007,722209	35.0
2007,722214	49.9
2007,722323	35.0
2007,722324	40.0
2007,722338	30.9
2007,722351	27.0
2007,722362	35.0
2007,722363	28.9
2007,722369	33.0
2007,722410	47.0
2007,722416	46.0
2007,722420	33.0
2007,722427	33.0
2007,722429	28.0
2007,722430	31.1
2007,722435	27.0
2007,722436	45.1
2007,722444	26.0
2007,722445	25.1
2007,722446	29.9
2007,722447	22.0
2007,722448	35.0
2007,722453	18.1
2007,722469	33.0
2007,722470	34.0
2007,722479	31.1
2007,722489	33.0
2007,722499	26.0
2007,722500	33.0
2007,722505	28.9
2007,722506	28.9
2007,722508	32.1
2007,722510	32.1
2007,722515	34.0
2007,722516	35.9
2007,722517	32.1
2007,722520	34.0
2007,722523	41.0
2007,722524	32.1
2007,722526	42.9
2007,722527	28.0
2007,722530	28.9
2007,722533	47.0
2007,722535	34.0
2007,722536	35.9
2007,722537	27.0
2007,722539	29.9
2007,722540	36.9
2007,722541	34.0
2007,722542	29.9
2007,722543	29.9
2007,722544	21.0
2007,722547	27.0
2007,722550	29.9
2007,722552	34.0
2007,722553	26.0
2007,722554	23.9
2007,722555	31.1
2007,722560	35.0
2007,722561	22.0
2007,722563	29.9
2007,722570	36.9
2007,722575	29.9
2007,722576	37.9
2007,722577	35.9
2007,722583	33.0
2007,722587	34.0
2007,722588	30.9
2007,722589	34.0
2007,722590	45.1
2007,722593	33.0
2007,722594	28.0
2007,722595	30.9
2007,722596	31.1
2007,722597	33.0
2007,722598	26.0
2007,722599	36.9
2007,722600	33.0
2007,722610	34.0
2007,722615	41.0
2007,722616	35.0
2007,722618	42.0
2007,722620	55.9
2007,722630	46.0
2007,722636	42.9
2007,722637	41.0
2007,722640	40.0
2007,722648	44.1
2007,722650	40.0
2007,722654	42.0
2007,722656	36.9
2007,722660	36.9
2007,722666	32.1
2007,722670	41.0
2007,722700	41.0
2007,723510	49.0
2007,723604	41.0
2007,723628	33.0
2007,723629	28.9
2007,723630	41.0
2007,723635	34.0
2007,723761	24.1
2007,724462	22.9
2007,747335	26.0
2007,747355	32.1
2007,747400	34.0
2007,994110	35.0
2007,994260	56.9
2007,997361	54.4
2007,997363	64.1
2007,997366	42.9
2007,997368	26.0
2007,997369	28.9
2007,997370	35.0
2007,997729	62.2
2007,998165	28.0
2007,999999	46.0
2008,690190	45.1
2008,720110	28.9
2008,720151	39.0
2008,720261	28.9
2008,720269	31.1
2008,720271	35.0
2008,720273	33.0
2008,720276	40.0
2008,720281	42.0
2008,720286	31.1
2008,720287	36.9
2008,720291	35.0
2008,720295	41.0
2008,720296	23.9
2008,720298	22.9
2008,720299	29.9
2008,720302	22.9
2008,720303	32.1
2008,720305	28.9
2008,720311	29.9
2008,720314	27.0
2008,720315	46.0
2008,720316	35.0
2008,720318	31.1
2008,720320	34.0
2008,720323	31.1
2008,720391	32.1
2008,720393	48.0
2008,720395	33.0
2008,720404	35.0
2008,720542	23.9
2008,720577	19.0
2008,720578	32.1
2008,720579	26.0
2008,720584	27.0
2008,720594	25.1
2008,722008	31.1
2008,722042	24.1
2008,722094	29.9
2008,722107	38.1
2008,722112	24.1
2008,722113	23.9
2008,722122	35.0
2008,722143	32.1
2008,722159	41.0
2008,722169	36.9
2008,722174	42.9
2008,722192	36.9
2008,722202	29.9
2008,722209	31.1
2008,722214	42.0
2008,722231	30.9
2008,722323	28.0
2008,722324	35.0
2008,722338	33.0
2008,722351	34.0
2008,722362	33.0
2008,722363	34.0
2008,722369	33.0
2008,722410	60.0
2008,722416	27.0
2008,722420	32.1
2008,722427	36.9
2008,722429	29.9
2008,722430	49.0
2008,722435	64.9
2008,722436	26.0
2008,722444	35.9
2008,722445	29.9
2008,722446	40.0
2008,722447	28.9
2008,722448	28.9
2008,722453	16.9
2008,722469	31.1
2008,722470	32.1
2008,722479	32.1
2008,722489	34.0
2008,722499	28.0
2008,722500	42.0
2008,722505	49.0
2008,722506	33.0
2008,722508	49.9
2008,722510	38.1
2008,722515	42.9
2008,722516	31.1
2008,722517	32.1
2008,722520	36.9
2008,722523	27.0
2008,722524	31.1
2008,722526	33.0
2008,722527	32.1
2008,722530	32.1
2008,722533	42.9
2008,722535	28.9
2008,722536	35.0
2008,722537	28.9
2008,722539	32.1
2008,722540	29.9
2008,722541	35.0
2008,722542	37.9
2008,722543	36.9
2008,722544	18.1
2008,722547	28.9
2008,722550	31.1
2008,722552	35.0
2008,722553	33.0
2008,722554	35.9
2008,722555	31.1
2008,722560	32.1
2008,722561	29.9
2008,722563	35.9
2008,722570	34.0
2008,722575	31.1
2008,722576	34.0
2008,722577	33.0
2008,722583	36.9
2008,722587	35.9
2008,722588	32.1
2008,722589	38.1
2008,722590	53.0
2008,722593	35.9
2008,722594	33.0
2008,722595	42.0
2008,722596	40.0
2008,722597	32.1
2008,722598	29.9
2008,722599	33.0
2008,722600	33.0
2008,722610	35.9
2008,722615	36.9
2008,722616	32.1
2008,722618	41.0
2008,722620	55.0
2008,722630	35.0
2008,722636	41.0
2008,722637	36.9
2008,722640	35.0
2008,722648	40.0
2008,722650	42.9
2008,722654	41.0
2008,722656	33.0
2008,722660	42.0
2008,722666	28.9
2008,722670	36.9
2008,722700	40.0
2008,723510	34.0
2008,723604	42.0
2008,723628	33.0
2008,723629	34.0
2008,723630	54.0
2008,723635	35.9
2008,723761	26.0
2008,724462	39.0
2008,747335	26.0
2008,747355	29.9
2008,747400	28.9
2008,994110	46.6
2008,994260	64.9
2008,997361	55.9
2008,997363	48.6
2008,997366	42.7
2008,997368	57.9
2008,997369	42.0
2008,997370	40.0
2008,997729	44.7
2008,998165	35.0
2008,998189	43.9
2008,998226	23.9
2008,999999	35.0
2009,690190	47.0
2009,720110	28.0
2009,720151	36.9
2009,720261	27.0
2009,720269	28.0
2009,720271	36.9
2009,720273	32.1
2009,720276	27.0
2009,720281	36.9
2009,720286	33.0
2009,720287	34.0
2009,720291	31.1
2009,720295	33.0
2009,720296	22.0
2009,720298	22.0
2009,720299	26.0
2009,720302	22.0
2009,720303	33.0
2009,720305	28.9
2009,720311	31.1
2009,720314	27.0
2009,720315	40.0
2009,720316	39.0
2009,720318	31.1
2009,720320	31.1
2009,720323	32.1
2009,720391	34.0
2009,720393	47.0
2009,720395	30.9
2009,720404	32.1
2009,720542	30.9
2009,720577	23.9
2009,720578	37.9
2009,720579	30.9
2009,720584	28.0
2009,720594	28.9
2009,720617	27.0
2009,720622	28.0
2009,720626	43.9
2009,720637	26.0
2009,720639	23.9
2009,720647	21.0
2009,720648	27.0
2009,720659	30.9
2009,720668	42.0
2009,722008	32.1
2009,722042	22.9
2009,722094	35.0
2009,722107	41.0
2009,722112	25.1
2009,722113	22.9
2009,722122	36.9
2009,722143	31.1
2009,722159	28.0
2009,722169	44.1
2009,722174	40.0
2009,722192	35.9
2009,722202	32.1
2009,722209	29.9
2009,722214	42.0
2009,722231	34.0
2009,722323	23.9
2009,722324	35.9
2009,722338	28.9
2009,722351	35.9
2009,722362	28.9
2009,722363	31.1
2009,722369	42.9
2009,722410	45.1
2009,722416	31.1
2009,722420	40.0
2009,722427	33.0
2009,722429	25.1
2009,722430	29.9
2009,722435	28.9
2009,722436	29.9
2009,722444	31.1
2009,722445	33.0
2009,722446	28.9
2009,722447	25.1
2009,722448	29.9
2009,722469	35.9
2009,722470	35.0
2009,722479	33.0
2009,722489	39.0
2009,722499	44.1
2009,722500	29.9
2009,722505	35.0
2009,722506	32.1
2009,722508	46.0
2009,722510	39.0
2009,722515	38.1
2009,722516	39.0
2009,722517	39.0
2009,722520	35.0
2009,722523	26.0
2009,722524	29.9
2009,722526	36.9
2009,722527	28.9
2009,722530	33.0
2009,722533	36.9
2009,722535	31.1
2009,722536	32.1
2009,722537	33.0
2009,722539	34.0
2009,722540	42.9
2009,722541	40.0
2009,722542	40.0
2009,722543	31.1
2009,722544	19.0
2009,722547	29.9
2009,722550	44.1
2009,722552	31.1
2009,722553	28.9
2009,722554	27.0
2009,722555	38.1
2009,722560	38.1
2009,722561	28.0
2009,722563	29.9
2009,722570	36.9
2009,722575	29.9
2009,722576	36.9
2009,722577	33.0
2009,722583	31.1
2009,722587	42.9
2009,722588	40.0
2009,722589	38.1
2009,722590	39.0
2009,722593	42.0
2009,722594	39.0
2009,722595	38.1
2009,722596	32.1
2009,722597	36.9
2009,722598	28.9
2009,722599	41.0
2009,722600	31.1
2009,722610	40.0
2009,722615	41.0
2009,722616	35.0
2009,722618	40.0
2009,722620	55.9
2009,722630	35.9
2009,722636	39.0
2009,722637	42.0
2009,722640	36.9
2009,722648	39.0
2009,722650	41.0
2009,722654	40.0
2009,722656	40.0
2009,722660	40.0
2009,722666	46.0
2009,722670	40.0
2009,722700	51.1
2009,723510	42.0
2009,723604	46.0
2009,723628	38.1
2009,723629	22.0
2009,723630	47.0
2009,723635	36.9
2009,723761	26.0
2009,724462	22.9
2009,725021	23.9
2009,747335	27.0
2009,747355	35.9
2009,747400	28.0
2009,994110	38.9
2009,994260	36.9
2009,997361	34.0
2009,997363	33.0
2009,997366	34.0
2009,997368	34.0
2009,997369	28.0
2009,998165	33.0
2009,998189	28.0
2009,998226	30.9
2009,999999	35.0
2010,690190	45.1
2010,720110	26.0
2010,720151	40.0
2010,720261	22.9
2010,720269	25.1
2010,720271	35.0
2010,720273	31.1
2010,720276	35.9
2010,720281	33.0
2010,720286	28.0
2010,720287	42.9
2010,720291	29.9
2010,720295	32.1
2010,720296	24.1
2010,720298	22.9
2010,720299	28.9
2010,720302	19.0
2010,720303	28.9
2010,720305	29.9
2010,720311	25.1
2010,720314	31.1
2010,720315	38.1
2010,720316	32.1
2010,720318	26.0
2010,720320	42.9
2010,720323	28.0
2010,720391	32.1
2010,720393	42.0
2010,720395	29.9
2010,720404	29.9
2010,720542	23.9
2010,720577	23.9
2010,720578	30.9
2010,720579	32.1
2010,720584	29.9
2010,720594	35.0
2010,720617	32.1
2010,720622	28.0
2010,720626	41.0
2010,720637	28.9
2010,720639	22.9
2010,720647	20.0
2010,720648	28.9
2010,720659	30.9
2010,720668	42.9
2010,720725	53.0
2010,720726	37.9
2010,720727	37.9
2010,720729	42.9
2010,720731	44.9
2010,720732	48.0
2010,720733	25.1
2010,720742	29.9
2010,720771	25.1
2010,720919	30.9
2010,720921	44.9
2010,722008	31.1
2010,722042	24.1
2010,722094	35.0
2010,722107	35.9
2010,722112	22.0
2010,722122	35.9
2010,722143	32.1
2010,722159	28.9
2010,722169	35.9
2010,722174	39.0
2010,722192	35.0
2010,722202	31.1
2010,722209	35.0
2010,722214	47.0
2010,722231	34.0
2010,722323	22.9
2010,722324	31.1
2010,722338	26.0
2010,722351	27.0
2010,722362	29.9
2010,722363	27.0
2010,722369	28.9
2010,722410	32.1
2010,722416	31.1
2010,722420	42.9
2010,722427	25.1
2010,722429	28.9
2010,722430	29.9
2010,722435	25.1
2010,722436	25.1
2010,722440	27.0
2010,722444	31.1
2010,722445	26.0
2010,722446	28.9
2010,722447	21.0
2010,722448	24.1
2010,722469	28.0
2010,722470	32.1
2010,722479	31.1
2010,722489	31.1
2010,722499	26.0
2010,722500	39.0
2010,722505	49.0
2010,722506	34.0
2010,722510	29.9
2010,722515	47.0
2010,722516	36.9
2010,722517	34.0
2010,722520	34.0
2010,722523	28.9
2010,722524	32.1
2010,722526	28.0
2010,722527	24.1
2010,722530	41.0
2010,722533	34.0
2010,722535	40.0
2010,722536	35.9
2010,722537	27.0
2010,722539	35.0
2010,722540	29.9
2010,722541	35.0
2010,722542	28.9
2010,722543	35.0
2010,722544	19.0
2010,722547	29.9
2010,722550	35.9
2010,722552	28.9
2010,722553	27.0
2010,722554	24.1
2010,722555	32.1
2010,722560	41.0
2010,722561	25.1
2010,722563	29.9
2010,722570	36.9
2010,722575	31.1
2010,722576	35.9
2010,722577	32.1
2010,722580	25.1
2010,722583	27.0
2010,722587	35.0
2010,722588	25.1
2010,722589	33.0
2010,722590	35.0
2010,722593	26.0
2010,722594	29.9
2010,722595	39.0
2010,722596	31.1
2010,722597	27.0
2010,722598	29.9
2010,722599	28.0
2010,722600	24.1
2010,722610	35.9
2010,722615	38.1
2010,722616	28.0
2010,722618	41.0
2010,722620	71.1
2010,722630	28.9
2010,722636	40.0
2010,722637	38.1
2010,722640	35.0
2010,722648	32.1
2010,722650	39.0
2010,722654	41.0
2010,722656	34.0
2010,722660	42.0
2010,722666	28.9
2010,722670	42.9
2010,722700	42.9
2010,722704	32.1
2010,723510	36.9
2010,723513	40.0
2010,723604	46.0
2010,723628	34.0
2010,723629	22.0
2010,723630	39.0
2010,723635	39.0
2010,723660	32.1
2010,723761	26.0
2010,724462	25.1
2010,725021	21.0
2010,747335	22.9
2010,747355	28.0
2010,747360	29.9
2010,747390	25.1
2010,747400	34.0
2010,747460	23.9
2010,994110	38.9
2010,994260	31.9
2010,997361	33.0
2010,997363	31.9
2010,997366	38.9
2010,997368	28.0
2010,997369	38.9
2010,997370	28.0
2010,998165	33.0
2010,998189	26.0
2010,998226	31.9
2010,999999	34.0
2011,690190	39.0
2011,720110	31.1
2011,720151	34.0
2011,720261	28.0
2011,720269	28.0
2011,720271	40.0
2011,720273	27.0
2011,720276	31.1
2011,720281	42.0
2011,720286	32.1
2011,720287	42.9
2011,720291	28.9
2011,720295	35.9
2011,720296	28.0
2011,720298	24.1
2011,720299	31.1
2011,720302	25.1
2011,720303	31.1
2011,720305	33.0
2011,720311	28.9
2011,720314	27.0
2011,720315	42.0
2011,720316	31.1
2011,720318	32.1
2011,720320	35.9
2011,720323	34.0
2011,720391	28.9
2011,720393	42.0
2011,720395	33.0
2011,720404	33.0
2011,720542	25.1
2011,720577	22.0
2011,720578	32.1
2011,720579	33.0
2011,720584	27.0
2011,720594	28.9
2011,720617	43.9
2011,720622	32.1
2011,720626	40.0
2011,720637	23.9
2011,720639	22.9
2011,720647	22.0
2011,720648	32.1
2011,720659	32.1
2011,720668	42.9
2011,720725	46.0
2011,720726	39.0
2011,720727	36.9
2011,720729	43.9
2011,720731	42.9
2011,720732	42.0
2011,720733	25.1
2011,720742	27.0
2011,720771	30.9
2011,720919	32.1
2011,720921	49.0
2011,720926	28.0
2011,720943	21.0
2011,720965	19.0
2011,722008	31.1
2011,722042	22.9
2011,722094	35.0
2011,722107	32.1
2011,722112	22.9
2011,722122	34.0
2011,722143	29.9
2011,722159	28.9
2011,722169	36.9
2011,722174	38.1
2011,722192	32.1
2011,722202	35.0
2011,722209	29.9
2011,722214	44.1
2011,722231	53.0
2011,722323	36.9
2011,722324	31.1
2011,722338	31.1
2011,722351	28.9
2011,722362	31.1
2011,722363	28.0
2011,722369	28.9
2011,722410	32.1
2011,722416	34.0
2011,722420	31.1
2011,722427	29.9
2011,722429	26.0
2011,722430	40.0
2011,722436	24.1
2011,722440	35.0
2011,722444	28.0
2011,722446	22.9
2011,722447	28.0
2011,722448	39.0
2011,722469	35.0
2011,722470	33.0
2011,722479	35.0
2011,722489	32.1
2011,722499	24.1
2011,722500	32.1
2011,722505	33.0
2011,722506	32.1
2011,722510	47.0
2011,722515	40.0
2011,722516	32.1
2011,722517	39.0
2011,722518	28.9
2011,722520	32.1
2011,722523	27.0
2011,722524	28.9
2011,722526	25.1
2011,722527	28.0
2011,722530	31.1
2011,722533	41.0
2011,722535	35.0
2011,722536	35.0
2011,722537	35.9
2011,722539	35.0
2011,722540	26.0
2011,722541	32.1
2011,722542	27.0
2011,722543	32.1
2011,722544	20.0
2011,722547	27.0
2011,722550	34.0
2011,722552	35.0
2011,722553	31.1
2011,722554	31.1
2011,722555	41.0
2011,722560	36.9
2011,722561	26.0
2011,722563	38.1
2011,722570	35.9
2011,722575	28.9
2011,722576	33.0
2011,722577	32.1
2011,722580	32.1
2011,722587	35.0
2011,722588	41.0
2011,722589	42.0
2011,722590	36.9
2011,722593	28.9
2011,722594	33.0
2011,722595	45.1
2011,722597	34.0
2011,722598	39.0
2011,722599	33.0
2011,722600	28.0
2011,722610	36.9
2011,722615	33.0
2011,722616	32.1
2011,722618	33.0
2011,722620	63.9
2011,722630	34.0
2011,722637	41.0
2011,722640	36.9
2011,722648	35.9
2011,722650	36.9
2011,722654	33.0
2011,722656	34.0
2011,722660	32.1
2011,722666	32.1
2011,722670	42.0
2011,722700	42.0
2011,722704	34.0
2011,723510	39.0
2011,723513	39.0
2011,723628	28.0
2011,723629	27.0
2011,723630	44.1
2011,723635	35.9
2011,723761	27.0
2011,724462	27.0
2011,725021	25.1
2011,747335	26.0
2011,747355	32.1
2011,747400	39.0
2011,994110	40.0
2011,994260	28.0
2011,994790	30.9
2011,997361	37.9
2011,997363	38.9
2011,997366	33.0
2011,997368	33.0
2011,997369	31.9
2011,997370	23.9
2011,997729	33.0
2011,998165	28.9
2011,998184	29.9
2011,998189	22.9
2011,998226	29.1
2011,999999	29.9
2012,690190	40.0
2012,720110	27.0
2012,720151	44.1
2012,720261	25.1
2012,720269	26.0
2012,720271	32.1
2012,720273	26.0
2012,720276	28.9
2012,720281	38.1
2012,720286	32.1
2012,720287	32.1
2012,720291	29.9
2012,720295	35.0
2012,720296	22.9
2012,720298	25.1
2012,720299	28.9
2012,720302	22.0
2012,720303	31.1
2012,720305	29.9
2012,720311	27.0
2012,720314	22.0
2012,720315	40.0
2012,720316	34.0
2012,720318	28.9
2012,720320	32.1
2012,720323	26.0
2012,720391	28.0
2012,720393	44.9
2012,720395	27.0
2012,720404	34.0
2012,720542	23.9
2012,720577	21.0
2012,720578	34.0
2012,720579	42.0
2012,720584	30.9
2012,720594	35.0
2012,720617	34.0
2012,720622	28.9
2012,720626	36.9
2012,720637	26.0
2012,720639	23.9
2012,720647	26.0
2012,720648	30.9
2012,720659	29.9
2012,720668	41.0
2012,720725	48.0
2012,720726	40.0
2012,720727	42.0
2012,720731	42.9
2012,720732	48.0
2012,720733	27.0
2012,720742	28.9
2012,720771	30.9
2012,720919	34.0
2012,720921	39.0
2012,720926	27.0
2012,720943	28.9
2012,720965	40.0
2012,721032	37.9
2012,721034	29.9
2012,721043	22.9
2012,721044	28.9
2012,722008	35.0
2012,722042	21.0
2012,722094	26.0
2012,722107	38.1
2012,722112	26.0
2012,722122	36.9
2012,722143	29.9
2012,722159	28.0
2012,722169	35.0
2012,722174	41.0
2012,722192	33.0
2012,722202	28.9
2012,722209	33.0
2012,722214	45.1
2012,722231	32.1
2012,722323	27.0
2012,722324	34.0
2012,722338	31.1
2012,722351	33.0
2012,722362	41.0
2012,722363	34.0
2012,722369	32.1
2012,722410	31.1
2012,722416	27.0
2012,722420	36.9
2012,722427	25.1
2012,722429	26.0
2012,722430	32.1
2012,722436	29.9
2012,722440	33.0
2012,722444	29.9
2012,722446	29.9
2012,722447	29.9
2012,722448	28.0
2012,722469	34.0
2012,722470	36.9
2012,722479	32.1
2012,722489	29.9
2012,722499	28.0
2012,722500	29.9
2012,722505	32.1
2012,722506	46.0
2012,722510	36.9
2012,722515	42.9
2012,722516	34.0
2012,722517	35.9
2012,722518	29.9
2012,722520	44.1
2012,722523	24.1
2012,722524	28.0
2012,722526	35.0
2012,722527	28.9
2012,722530	35.9
2012,722533	47.0
2012,722535	29.9
2012,722536	29.9
2012,722537	31.1
2012,722539	44.1
2012,722540	28.0
2012,722541	31.1
2012,722542	33.0
2012,722543	29.9
2012,722544	18.1
2012,722547	28.9
2012,722550	35.0
2012,722552	35.0
2012,722553	31.1
2012,722554	29.9
2012,722555	32.1
2012,722560	29.9
2012,722561	26.0
2012,722563	29.9
2012,722570	35.0
2012,722575	31.1
2012,722576	36.9
2012,722577	34.0
2012,722580	28.9
2012,722587	35.0
2012,722588	39.0
2012,722589	31.1
2012,722590	42.0
2012,722593	33.0
2012,722594	29.9
2012,722595	39.0
2012,722597	34.0
2012,722598	35.0
2012,722599	33.0
2012,722600	28.0
2012,722610	29.9
2012,722615	40.0
2012,722616	33.0
2012,722618	36.9
2012,722620	58.1
2012,722630	41.0
2012,722637	34.0
2012,722640	36.9
2012,722648	35.9
2012,722650	35.9
2012,722654	36.9
2012,722656	40.0
2012,722660	36.9
2012,722666	31.1
2012,722670	45.1
2012,722700	42.0
2012,722704	33.0
2012,723510	39.0
2012,723513	35.9
2012,723628	28.9
2012,723629	28.0
2012,723630	49.9
2012,723635	31.1
2012,723761	27.0
2012,724462	25.1
2012,725021	25.1
2012,747335	28.9
2012,747355	33.0
2012,747400	27.0
2012,994110	35.9
2012,994260	26.0
2012,994790	34.0
2012,997361	35.9
2012,997366	38.9
2012,997368	30.9
2012,997369	27.0
2012,997370	26.0
2012,997729	36.9
2012,998165	29.9
2012,998174	21.0
2012,998182	35.0
2012,998184	31.9
2012,998189	25.1
2012,998226	27.0
2012,998483	35.0
2012,998484	30.9
2012,998487	28.9
2012,998490	34.0
2012,999999	24.1
2013,690190	34.0
2013,720110	22.0
2013,720151	28.9
2013,720261	20.0
2013,720269	24.1
2013,720271	33.0
2013,720273	24.1
2013,720276	29.9
2013,720281	32.1
2013,720286	26.0
2013,720287	25.1
2013,720291	26.0
2013,720295	29.9
2013,720296	21.0
2013,720298	22.0
2013,720299	26.0
2013,720302	19.0
2013,720303	22.9
2013,720305	20.0
2013,720311	22.9
2013,720314	22.0
2013,720315	32.1
2013,720316	29.9
2013,720318	19.0
2013,720320	25.1
2013,720323	28.0
2013,720391	27.0
2013,720395	22.9
2013,720404	23.9
2013,720542	19.0
2013,720577	20.0
2013,720578	29.9
2013,720579	29.9
2013,720584	22.9
2013,720594	27.0
2013,720617	29.9
2013,720622	22.0
2013,720626	32.1
2013,720637	22.9
2013,720639	19.0
2013,720647	20.0
2013,720648	27.0
2013,720659	28.9
2013,720725	37.9
2013,720726	28.9
2013,720727	35.9
2013,720732	36.9
2013,720733	21.0
2013,720742	22.0
2013,720771	29.9
2013,720919	28.0
2013,720921	34.0
2013,720926	26.0
2013,720943	21.0
2013,720965	34.0
2013,721032	28.9
2013,721034	22.0
2013,721043	22.9
2013,721044	25.1
2013,722008	27.0
2013,722042	20.0
2013,722094	20.0
2013,722107	32.1
2013,722112	18.1
2013,722122	33.0
2013,722143	28.0
2013,722159	27.0
2013,722169	44.1
2013,722174	26.0
2013,722192	33.0
2013,722202	25.1
2013,722209	29.9
2013,722214	41.0
2013,722231	26.0
2013,722323	22.0
2013,722324	33.0
2013,722338	27.0
2013,722351	28.0
2013,722362	22.0
2013,722363	26.0
2013,722369	27.0
2013,722410	26.0
2013,722416	27.0
2013,722420	26.0
2013,722427	27.0
2013,722429	21.0
2013,722430	21.0
2013,722436	25.1
2013,722440	28.0
2013,722444	22.0
2013,722446	21.0
2013,722447	21.0
2013,722448	26.0
2013,722469	28.0
2013,722470	26.0
2013,722479	22.9
2013,722489	22.9
2013,722499	24.1
2013,722500	33.0
2013,722505	34.0
2013,722506	28.9
2013,722510	29.9
2013,722515	29.9
2013,722516	28.9
2013,722517	26.0
2013,722518	28.0
2013,722520	28.0
2013,722523	22.0
2013,722524	25.1
2013,722526	22.9
2013,722527	24.1
2013,722530	25.1
2013,722533	29.9
2013,722535	25.1
2013,722536	22.9
2013,722537	25.1
2013,722539	22.9
2013,722540	22.9
2013,722541	24.1
2013,722542	22.0
2013,722543	24.1
2013,722544	13.0
2013,722547	22.9
2013,722550	26.0
2013,722552	22.9
2013,722553	25.1
2013,722554	22.0
2013,722555	27.0
2013,722560	27.0
2013,722561	23.9
2013,722563	28.9
2013,722570	27.0
2013,722575	22.0
2013,722576	25.1
2013,722577	26.0
2013,722580	25.1
2013,722587	28.0
2013,722588	28.9
2013,722589	26.0
2013,722590	28.9
2013,722593	25.1
2013,722594	20.0
2013,722595	26.0
2013,722597	28.0
2013,722598	21.0
2013,722599	28.0
2013,722600	25.1
2013,722610	24.1
2013,722615	28.0
2013,722616	22.0
2013,722618	30.9
2013,722620	55.0
2013,722630	26.0
2013,722637	26.0
2013,722640	29.9
2013,722648	28.9
2013,722650	33.0
2013,722654	31.1
2013,722656	32.1
2013,722660	28.9
2013,722666	26.0
2013,722670	31.1
2013,722700	28.0
2013,722704	25.1
2013,723510	25.1
2013,723513	25.1
2013,723628	26.0
2013,723629	21.0
2013,723630	29.9
2013,723635	27.0
2013,723761	22.9
2013,724462	22.0
2013,725021	21.0
2013,747335	28.0
2013,747355	25.1
2013,747400	26.0
2013,994110	28.9
2013,994260	25.1
2013,994790	30.9
2013,997361	23.9
2013,997366	31.9
2013,997368	28.9
2013,997369	26.0
2013,997370	29.9
2013,997729	33.0
2013,998165	28.0
2013,998174	23.9
2013,998182	30.9
2013,998184	27.0
2013,998189	16.9
2013,998226	27.0
2013,998483	31.9
2013,998484	28.0
2013,998487	29.9
2013,998490	29.9
