1950	71.1
1951	64.1
1952	53.0
1953	58.1
1954	65.1
1955	49.9
1956	50.1
1957	50.1
1958	46.0
1959	49.0
1960	50.1
1961	65.1
1962	45.1
1963	48.0
1964	45.1
1965	42.9
1966	40.0
1967	64.1
1968	40.0
1969	45.1
1970	50.1
1971	40.0
1972	40.0
1973	69.9
1974	76.9
1975	76.0
1976	63.9
1977	70.9
1978	55.9
1979	89.0
1980	68.0
1981	61.0
1982	61.0
1983	70.9
1984	70.9
1985	62.9
1986	52.1
1987	54.0
1988	56.9
1989	58.1
1990	58.1
1991	63.9
1992	54.0
1993	65.9
1994	57.9
1995	62.9
1996	63.9
1997	55.0
1998	53.0
1999	50.9
2000	62.0
2001	69.9
2002	73.8
2003	57.9
2004	56.9
2005	70.9
2006	69.9
2007	64.1
2008	64.9
2009	55.9
2010	71.1
2011	63.9
2012	58.1
2013	55.0
