1950,722423	0.0
1950,722436	0.0
1950,722448	0.0
1950,722500	0.0
1950,722510	0.0
1950,722517	0.0
1950,722525	0.0
1950,722530	0.0
1950,722535	0.0
1950,722536	0.0
1950,722545	0.0
1950,722555	0.0
1950,722560	0.0
1950,722575	0.0
1950,722576	0.0
1950,722580	0.0
1950,722585	0.0
1950,722586	0.0
1950,722595	0.0
1950,722596	0.0
1950,722597	0.0
1950,722610	0.0
1950,722630	0.0
1950,722650	0.0
1950,722656	0.0
1950,722657	0.0
1950,722660	0.0
1950,722670	0.0
1950,722675	0.0
1950,722700	0.0
1950,723510	0.0
1950,723601	0.0
1950,723630	0.0
1950,749058	0.0
1950,999999	0.0
1951,722423	0.0
1951,722436	0.0
1951,722448	0.0
1951,722500	0.0
1951,722510	0.0
1951,722517	0.0
1951,722525	0.0
1951,722530	0.0
1951,722535	0.0
1951,722536	0.0
1951,722545	0.0
1951,722555	0.0
1951,722560	0.0
1951,722576	0.0
1951,722580	0.0
1951,722585	0.0
1951,722586	0.0
1951,722595	0.0
1951,722596	0.0
1951,722597	0.0
1951,722610	0.0
1951,722630	0.0
1951,722650	0.0
1951,722656	0.0
1951,722657	0.0
1951,722660	0.0
1951,722670	0.0
1951,722675	0.0
1951,722700	0.0
1951,723510	0.0
1951,723601	0.0
1951,723630	0.0
1951,749056	0.0
1951,749058	0.0
1951,749091	0.0
1951,999999	0.0
1952,722423	0.0
1952,722436	0.0
1952,722448	0.0
1952,722500	0.0
1952,722505	0.0
1952,722510	0.0
1952,722517	0.0
1952,722525	0.0
1952,722530	0.0
1952,722535	0.0
1952,722536	0.0
1952,722545	0.0
1952,722555	0.0
1952,722560	0.0
1952,722575	0.0
1952,722576	0.0
1952,722577	0.0
1952,722580	0.0
1952,722585	0.0
1952,722586	0.0
1952,722595	0.0
1952,722596	0.0
1952,722597	0.0
1952,722610	0.0
1952,722630	0.0
1952,722650	0.0
1952,722656	0.0
1952,722657	0.0
1952,722660	0.0
1952,722666	0.0
1952,722670	0.0
1952,722675	0.0
1952,722700	0.0
1952,723510	0.0
1952,723601	0.0
1952,723630	0.0
1952,749016	0.0
1952,749017	0.0
1952,749056	0.0
1952,749058	0.0
1952,749091	0.0
1952,999999	0.0
1953,722423	0.0
1953,722436	0.0
1953,722448	0.0
1953,722500	0.0
1953,722505	0.0
1953,722510	0.0
1953,722517	0.0
1953,722525	0.0
1953,722530	0.0
1953,722535	0.0
1953,722536	0.0
1953,722545	0.0
1953,722550	0.0
1953,722555	0.0
1953,722560	0.0
1953,722576	0.0
1953,722580	0.0
1953,722586	0.0
1953,722595	0.0
1953,722596	0.0
1953,722597	0.0
1953,722610	0.0
1953,722615	0.0
1953,722630	0.0
1953,722650	0.0
1953,722655	0.0
1953,722656	0.0
1953,722657	0.0
1953,722660	0.0
1953,722670	0.0
1953,722675	0.0
1953,722700	0.0
1953,723510	0.0
1953,723601	0.0
1953,723630	0.0
1953,749056	0.0
1953,749058	0.0
1953,749091	0.0
1953,999999	0.0
1954,722423	0.0
1954,722436	0.0
1954,722448	0.0
1954,722500	0.0
1954,722505	0.0
1954,722510	0.0
1954,722517	0.0
1954,722525	0.0
1954,722530	0.0
1954,722533	0.0
1954,722535	0.0
1954,722536	0.0
1954,722545	0.0
1954,722550	0.0
1954,722555	0.0
1954,722560	0.0
1954,722576	0.0
1954,722580	0.0
1954,722586	0.0
1954,722595	0.0
1954,722597	0.0
1954,722610	0.0
1954,722615	0.0
1954,722630	0.0
1954,722650	0.0
1954,722655	0.0
1954,722656	0.0
1954,722660	0.0
1954,722670	0.0
1954,722675	0.0
1954,722700	0.0
1954,723510	0.0
1954,723601	0.0
1954,723630	0.0
1954,749056	0.0
1954,749058	0.0
1954,749091	0.0
1954,999999	0.0
1955,722423	0.0
1955,722436	0.0
1955,722500	0.0
1955,722505	0.0
1955,722510	0.0
1955,722517	0.0
1955,722525	0.0
1955,722530	0.0
1955,722533	0.0
1955,722535	0.0
1955,722536	0.0
1955,722545	0.0
1955,722550	0.0
1955,722555	0.0
1955,722560	0.0
1955,722576	0.0
1955,722580	0.0
1955,722586	0.0
1955,722595	0.0
1955,722597	0.0
1955,722610	0.0
1955,722615	0.0
1955,722630	0.0
1955,722650	0.0
1955,722655	0.0
1955,722656	0.0
1955,722660	0.0
1955,722670	0.0
1955,722675	0.0
1955,722700	0.0
1955,723510	0.0
1955,723601	0.0
1955,723630	0.0
1955,749056	0.0
1955,749058	0.0
1955,749091	0.0
1955,999999	0.0
1956,690190	0.0
1956,722423	0.0
1956,722436	0.0
1956,722500	0.0
1956,722505	0.0
1956,722510	0.0
1956,722525	0.0
1956,722530	0.0
1956,722533	0.0
1956,722535	0.0
1956,722536	0.0
1956,722545	0.0
1956,722550	0.0
1956,722560	0.0
1956,722576	0.0
1956,722580	0.0
1956,722586	0.0
1956,722595	0.0
1956,722597	0.0
1956,722610	0.0
1956,722615	0.0
1956,722630	0.0
1956,722650	0.0
1956,722655	0.0
1956,722660	0.0
1956,722670	0.0
1956,722675	0.0
1956,722700	0.0
1956,723510	0.0
1956,723630	0.0
1956,749056	0.0
1956,749058	0.0
1956,749091	0.0
1956,999999	0.0
1957,690190	0.0
1957,722423	0.0
1957,722436	0.0
1957,722500	0.0
1957,722505	0.0
1957,722510	0.0
1957,722525	0.0
1957,722530	0.0
1957,722533	0.0
1957,722535	0.0
1957,722536	0.0
1957,722545	0.0
1957,722550	0.0
1957,722560	0.0
1957,722576	0.0
1957,722580	0.0
1957,722586	0.0
1957,722595	0.0
1957,722597	0.0
1957,722610	0.0
1957,722615	0.0
1957,722630	0.0
1957,722650	0.0
1957,722655	0.0
1957,722660	0.0
1957,722670	0.0
1957,722675	0.0
1957,722700	0.0
1957,723510	0.0
1957,723630	0.0
1957,749058	0.0
1957,749091	0.0
1957,999999	0.0
1958,690190	0.0
1958,722423	0.0
1958,722436	0.0
1958,722500	0.0
1958,722505	0.0
1958,722510	0.0
1958,722525	0.0
1958,722530	0.0
1958,722533	0.0
1958,722535	0.0
1958,722536	0.0
1958,722545	0.0
1958,722550	0.0
1958,722560	0.0
1958,722576	0.0
1958,722580	0.0
1958,722586	0.0
1958,722595	0.0
1958,722597	0.0
1958,722615	0.0
1958,722630	0.0
1958,722650	0.0
1958,722655	0.0
1958,722660	0.0
1958,722670	0.0
1958,722675	0.0
1958,722700	0.0
1958,723510	0.0
1958,723630	0.0
1958,749058	0.0
1958,749091	0.0
1958,999999	0.0
1959,690190	0.0
1959,722423	0.0
1959,722436	0.0
1959,722500	0.0
1959,722505	0.0
1959,722510	0.0
1959,722525	0.0
1959,722530	0.0
1959,722535	0.0
1959,722536	0.0
1959,722545	0.0
1959,722560	0.0
1959,722576	0.0
1959,722580	0.0
1959,722586	0.0
1959,722595	0.0
1959,722597	0.0
1959,722615	0.0
1959,722630	0.0
1959,722650	0.0
1959,722655	0.0
1959,722660	0.0
1959,722670	0.0
1959,722675	0.0
1959,722700	0.0
1959,723510	0.0
1959,723630	0.0
1959,749058	0.0
1959,999999	0.0
1960,690190	0.0
1960,722423	0.0
1960,722436	0.0
1960,722500	0.0
1960,722505	0.0
1960,722510	0.0
1960,722525	0.0
1960,722530	0.0
1960,722535	0.0
1960,722536	0.0
1960,722545	0.0
1960,722560	0.0
1960,722570	0.0
1960,722576	0.0
1960,722580	0.0
1960,722586	0.0
1960,722595	0.0
1960,722597	0.0
1960,722615	0.0
1960,722630	0.0
1960,722650	0.0
1960,722655	0.0
1960,722660	0.0
1960,722670	0.0
1960,722675	0.0
1960,722700	0.0
1960,723510	0.0
1960,723630	0.0
1960,749058	0.0
1960,999999	0.0
1961,690190	0.0
1961,722423	0.0
1961,722436	0.0
1961,722500	0.0
1961,722505	0.0
1961,722510	0.0
1961,722525	0.0
1961,722530	0.0
1961,722535	0.0
1961,722536	0.0
1961,722545	0.0
1961,722550	0.0
1961,722560	0.0
1961,722570	0.0
1961,722576	0.0
1961,722580	0.0
1961,722586	0.0
1961,722595	0.0
1961,722597	0.0
1961,722615	0.0
1961,722630	0.0
1961,722650	0.0
1961,722655	0.0
1961,722660	0.0
1961,722670	0.0
1961,722675	0.0
1961,722700	0.0
1961,723510	0.0
1961,723630	0.0
1961,999999	0.0
1962,690190	0.0
1962,722423	0.0
1962,722436	0.0
1962,722500	0.0
1962,722505	0.0
1962,722510	0.0
1962,722525	0.0
1962,722530	0.0
1962,722535	0.0
1962,722536	0.0
1962,722545	0.0
1962,722550	0.0
1962,722560	0.0
1962,722570	0.0
1962,722580	0.0
1962,722586	0.0
1962,722595	0.0
1962,722597	0.0
1962,722615	0.0
1962,722630	0.0
1962,722650	0.0
1962,722655	0.0
1962,722660	0.0
1962,722670	0.0
1962,722675	0.0
1962,722700	0.0
1962,723510	0.0
1962,723630	0.0
1962,999999	0.0
1963,690190	0.0
1963,722423	0.0
1963,722436	0.0
1963,722500	0.0
1963,722510	0.0
1963,722525	0.0
1963,722530	0.0
1963,722535	0.0
1963,722536	0.0
1963,722545	0.0
1963,722550	0.0
1963,722560	0.0
1963,722570	0.0
1963,722576	0.0
1963,722580	0.0
1963,722586	0.0
1963,722595	0.0
1963,722597	0.0
1963,722610	0.0
1963,722615	0.0
1963,722630	0.0
1963,722650	0.0
1963,722655	0.0
1963,722660	0.0
1963,722670	0.0
1963,722675	0.0
1963,722700	0.0
1963,723510	0.0
1963,723630	0.0
1963,749018	0.0
1963,999999	0.0
1964,690190	0.0
1964,722436	0.0
1964,722500	0.0
1964,722510	0.0
1964,722525	0.0
1964,722530	0.0
1964,722535	0.0
1964,722536	0.0
1964,722545	0.0
1964,722550	0.0
1964,722560	0.0
1964,722570	0.0
1964,722576	0.0
1964,722580	0.0
1964,722586	0.0
1964,722595	0.0
1964,722597	0.0
1964,722610	0.0
1964,722615	0.0
1964,722630	0.0
1964,722650	0.0
1964,722655	0.0
1964,722660	0.0
1964,722670	0.0
1964,722675	0.0
1964,722700	0.0
1964,723510	0.0
1964,723630	0.0
1964,749018	0.0
1964,999999	0.0
1965,690190	0.0
1965,722436	0.0
1965,722500	0.0
1965,722510	0.0
1965,722520	0.0
1965,722525	0.0
1965,722530	0.0
1965,722535	0.0
1965,722536	0.0
1965,722545	0.0
1965,722550	0.0
1965,722560	0.0
1965,722570	0.0
1965,722576	0.0
1965,722580	0.0
1965,722586	0.0
1965,722595	0.0
1965,722597	0.0
1965,722610	0.0
1965,722615	0.0
1965,722630	0.0
1965,722650	0.0
1965,722655	0.0
1965,722660	0.0
1965,722675	0.0
1965,722700	0.0
1965,723630	0.0
1965,749018	0.0
1965,999999	0.0
1966,690190	0.0
1966,722436	0.0
1966,722500	0.0
1966,722510	0.0
1966,722520	0.0
1966,722530	0.0
1966,722535	0.0
1966,722536	0.0
1966,722545	0.0
1966,722550	0.0
1966,722560	0.0
1966,722570	0.0
1966,722576	0.0
1966,722580	0.0
1966,722586	0.0
1966,722595	0.0
1966,722597	0.0
1966,722610	0.0
1966,722615	0.0
1966,722630	0.0
1966,722650	0.0
1966,722655	0.0
1966,722660	0.0
1966,722675	0.0
1966,722700	0.0
1966,723630	0.0
1966,749018	0.0
1966,999999	0.0
1967,690190	0.0
1967,722436	0.0
1967,722500	0.0
1967,722510	0.0
1967,722520	0.0
1967,722530	0.0
1967,722535	0.0
1967,722536	0.0
1967,722545	0.0
1967,722550	0.0
1967,722560	0.0
1967,722570	0.0
1967,722576	0.0
1967,722580	0.0
1967,722586	0.0
1967,722595	0.0
1967,722597	0.0
1967,722610	0.0
1967,722615	0.0
1967,722630	0.0
1967,722650	0.0
1967,722655	0.0
1967,722660	0.0
1967,722675	0.0
1967,723630	0.0
1967,749018	0.0
1967,999999	0.0
1968,690190	0.0
1968,722436	0.0
1968,722500	0.0
1968,722510	0.0
1968,722520	0.0
1968,722530	0.0
1968,722535	0.0
1968,722536	0.0
1968,722545	0.0
1968,722550	0.0
1968,722560	0.0
1968,722570	0.0
1968,722576	0.0
1968,722580	0.0
1968,722586	0.0
1968,722595	0.0
1968,722597	0.0
1968,722610	0.0
1968,722615	0.0
1968,722630	0.0
1968,722650	0.0
1968,722655	0.0
1968,722660	0.0
1968,722675	0.0
1968,723630	0.0
1968,749018	0.0
1968,749019	0.0
1968,999999	0.0
1969,690190	0.0
1969,722436	0.0
1969,722500	0.0
1969,722510	0.0
1969,722520	0.0
1969,722530	0.0
1969,722535	0.0
1969,722536	0.0
1969,722545	0.0
1969,722550	0.0
1969,722570	0.0
1969,722576	0.0
1969,722580	0.0
1969,722586	0.0
1969,722595	0.0
1969,722597	0.0
1969,722610	0.0
1969,722615	0.0
1969,722630	0.0
1969,722650	0.0
1969,722655	0.0
1969,722660	0.0
1969,722675	0.0
1969,723630	0.0
1969,749019	0.0
1969,999999	0.0
1970,690190	0.0
1970,722436	0.0
1970,722500	0.0
1970,722510	0.0
1970,722520	0.0
1970,722530	0.0
1970,722535	0.0
1970,722536	0.0
1970,722545	0.0
1970,722550	0.0
1970,722570	0.0
1970,722576	0.0
1970,722580	0.0
1970,722586	0.0
1970,722595	0.0
1970,722597	0.0
1970,722610	0.0
1970,722615	0.0
1970,722630	0.0
1970,722650	0.0
1970,722655	0.0
1970,722660	0.0
1970,722675	0.0
1970,723630	0.0
1970,749019	0.0
1970,999999	0.0
1971,722436	0.0
1971,722500	0.0
1971,722510	0.0
1971,722520	0.0
1971,722530	0.0
1971,722535	0.0
1971,722545	0.0
1971,722550	0.0
1971,722570	0.0
1971,722576	0.0
1971,722580	0.0
1971,722586	0.0
1971,722595	0.0
1971,722597	0.0
1971,722610	0.0
1971,722630	0.0
1971,722650	0.0
1971,722655	0.0
1971,722660	0.0
1971,723630	0.0
1971,749019	0.0
1971,999999	0.0
1972,722436	0.0
1972,722500	0.0
1972,722510	0.0
1972,722530	0.0
1972,722535	0.0
1972,722545	0.0
1972,722550	0.0
1972,722580	0.0
1972,722595	0.0
1972,722610	0.0
1972,722630	0.0
1972,722650	0.0
1972,722660	0.0
1972,722700	0.0
1972,723630	0.0
1972,999999	0.0
1973,722410	0.0
1973,722420	0.0
1973,722422	0.0
1973,722430	0.0
1973,722435	0.0
1973,722436	0.0
1973,722445	0.0
1973,722446	0.0
1973,722447	0.0
1973,722448	0.0
1973,722500	0.0
1973,722505	0.0
1973,722506	0.0
1973,722510	0.0
1973,722515	0.0
1973,722516	0.0
1973,722517	0.0
1973,722518	0.0
1973,722520	0.0
1973,722525	0.0
1973,722526	0.0
1973,722530	0.0
1973,722535	0.0
1973,722536	0.0
1973,722540	0.0
1973,722545	0.0
1973,722550	0.0
1973,722555	0.0
1973,722556	0.0
1973,722560	0.0
1973,722572	0.0
1973,722576	0.0
1973,722577	0.0
1973,722580	0.0
1973,722585	0.0
1973,722587	0.0
1973,722590	0.0
1973,722595	0.0
1973,722596	0.0
1973,722597	0.0
1973,722610	0.0
1973,722615	0.0
1973,722626	0.0
1973,722630	0.0
1973,722635	0.51
1973,722636	0.0
1973,722650	0.0
1973,722655	0.0
1973,722656	0.0
1973,722657	0.0
1973,722660	0.0
1973,722665	0.0
1973,722666	0.0
1973,722670	0.0
1973,722675	0.0
1973,722700	0.0
1973,722707	0.0
1973,723510	0.0
1973,723601	0.0
1973,723630	0.0
1973,999999	0.0
1974,722410	0.0
1974,722420	0.0
1974,722422	0.0
1974,722430	0.0
1974,722435	0.0
1974,722436	0.0
1974,722445	0.0
1974,722446	0.0
1974,722447	0.0
1974,722448	0.0
1974,722500	0.0
1974,722505	0.0
1974,722506	0.0
1974,722510	0.0
1974,722515	0.0
1974,722516	0.0
1974,722517	0.0
1974,722525	0.0
1974,722526	0.0
1974,722530	0.0
1974,722535	0.0
1974,722536	0.0
1974,722540	0.0
1974,722545	0.0
1974,722550	0.0
1974,722555	0.0
1974,722556	0.0
1974,722560	0.0
1974,722572	0.0
1974,722576	0.0
1974,722577	0.0
1974,722580	0.0
1974,722585	0.0
1974,722587	0.0
1974,722590	0.0
1974,722595	0.0
1974,722596	0.0
1974,722597	0.0
1974,722598	0.0
1974,722610	0.0
1974,722615	0.0
1974,722626	0.0
1974,722630	0.0
1974,722635	0.0
1974,722636	0.0
1974,722650	0.0
1974,722655	0.0
1974,722656	0.0
1974,722657	0.0
1974,722660	0.0
1974,722665	0.0
1974,722666	0.0
1974,722670	0.0
1974,722675	0.0
1974,722700	0.0
1974,722707	0.0
1974,723510	0.0
1974,723601	0.0
1974,723630	0.0
1975,722410	0.0
1975,722415	0.0
1975,722420	0.0
1975,722422	0.0
1975,722430	0.0
1975,722435	0.0
1975,722436	0.0
1975,722437	0.0
1975,722445	0.0
1975,722446	0.0
1975,722447	0.0
1975,722448	0.0
1975,722500	0.0
1975,722505	0.0
1975,722506	0.0
1975,722510	0.0
1975,722515	0.0
1975,722516	0.0
1975,722517	0.0
1975,722519	0.0
1975,722520	0.0
1975,722525	0.0
1975,722526	0.0
1975,722530	0.0
1975,722535	0.0
1975,722536	0.0
1975,722540	0.0
1975,722545	0.0
1975,722550	0.0
1975,722555	0.0
1975,722556	0.0
1975,722557	0.0
1975,722560	0.0
1975,722572	0.0
1975,722576	0.0
1975,722577	0.0
1975,722580	0.0
1975,722585	0.0
1975,722587	0.0
1975,722590	0.0
1975,722595	0.0
1975,722596	0.0
1975,722597	0.0
1975,722610	0.0
1975,722615	0.0
1975,722626	0.0
1975,722630	0.0
1975,722635	0.0
1975,722636	0.0
1975,722650	0.0
1975,722655	0.0
1975,722656	0.0
1975,722660	0.0
1975,722665	0.0
1975,722666	0.0
1975,722670	0.0
1975,722675	0.0
1975,722700	0.0
1975,722707	0.0
1975,723510	0.0
1975,723601	0.0
1975,723630	0.0
1976,722410	0.0
1976,722415	0.0
1976,722420	0.0
1976,722422	0.0
1976,722430	0.0
1976,722435	0.0
1976,722436	0.0
1976,722437	0.0
1976,722445	0.0
1976,722446	0.0
1976,722447	0.0
1976,722448	0.0
1976,722500	0.0
1976,722505	0.0
1976,722506	0.0
1976,722510	0.0
1976,722515	0.0
1976,722516	0.0
1976,722517	0.0
1976,722519	0.0
1976,722520	0.0
1976,722526	0.0
1976,722530	0.0
1976,722535	0.0
1976,722536	0.0
1976,722540	0.0
1976,722545	0.0
1976,722550	0.0
1976,722555	0.0
1976,722556	0.0
1976,722557	0.0
1976,722560	0.0
1976,722572	0.0
1976,722576	0.0
1976,722577	0.0
1976,722580	0.0
1976,722585	0.0
1976,722587	0.0
1976,722590	0.0
1976,722595	0.0
1976,722596	0.0
1976,722597	0.0
1976,722610	0.0
1976,722615	0.0
1976,722626	0.0
1976,722630	0.0
1976,722635	0.0
1976,722636	0.0
1976,722650	0.0
1976,722655	0.0
1976,722656	0.0
1976,722658	0.0
1976,722660	0.0
1976,722665	0.0
1976,722666	0.0
1976,722670	0.0
1976,722675	0.0
1976,722700	0.0
1976,722707	0.0
1976,723510	0.0
1976,723601	0.0
1976,723630	0.0
1977,722410	0.0
1977,722415	0.0
1977,722420	0.0
1977,722422	0.0
1977,722430	0.0
1977,722435	0.0
1977,722436	0.0
1977,722437	0.0
1977,722445	0.0
1977,722446	0.0
1977,722447	0.0
1977,722448	0.0
1977,722500	0.0
1977,722505	0.0
1977,722506	0.0
1977,722510	0.0
1977,722515	0.0
1977,722516	0.0
1977,722517	0.0
1977,722519	0.0
1977,722520	0.0
1977,722526	0.0
1977,722530	0.0
1977,722535	0.0
1977,722536	0.0
1977,722540	0.0
1977,722545	0.0
1977,722550	0.0
1977,722555	0.0
1977,722556	0.0
1977,722557	0.0
1977,722560	0.0
1977,722572	0.0
1977,722576	0.0
1977,722577	0.0
1977,722580	0.0
1977,722585	0.0
1977,722587	0.0
1977,722590	0.0
1977,722595	0.0
1977,722596	0.0
1977,722597	0.0
1977,722610	0.0
1977,722615	0.0
1977,722620	0.0
1977,722626	0.0
1977,722630	0.0
1977,722635	0.0
1977,722636	0.0
1977,722640	0.0
1977,722650	0.0
1977,722655	0.0
1977,722656	0.0
1977,722658	0.0
1977,722660	0.0
1977,722665	0.0
1977,722666	0.0
1977,722670	0.0
1977,722675	0.0
1977,722700	0.0
1977,722707	0.0
1977,723510	0.0
1977,723601	0.0
1977,723630	0.0
1977,747400	0.0
1978,722410	0.0
1978,722415	0.0
1978,722420	0.0
1978,722422	0.0
1978,722430	0.0
1978,722435	0.0
1978,722436	0.0
1978,722437	0.0
1978,722445	0.0
1978,722446	0.0
1978,722447	0.0
1978,722448	0.0
1978,722500	0.0
1978,722505	0.0
1978,722506	0.0
1978,722510	0.0
1978,722515	0.0
1978,722516	0.0
1978,722517	0.0
1978,722519	0.0
1978,722520	0.0
1978,722526	0.0
1978,722530	0.0
1978,722535	0.0
1978,722536	0.0
1978,722540	0.0
1978,722545	0.0
1978,722550	0.0
1978,722555	0.0
1978,722556	0.0
1978,722557	0.0
1978,722560	0.0
1978,722570	0.0
1978,722576	0.0
1978,722577	0.0
1978,722580	0.0
1978,722585	0.0
1978,722587	0.0
1978,722590	0.0
1978,722595	0.0
1978,722596	0.0
1978,722597	0.0
1978,722610	0.0
1978,722615	0.0
1978,722620	0.0
1978,722630	0.0
1978,722636	0.0
1978,722640	0.0
1978,722650	0.0
1978,722656	0.0
1978,722660	0.0
1978,722665	0.0
1978,722670	0.0
1978,722675	0.0
1978,722700	0.0
1978,723510	0.0
1978,723601	0.0
1978,723630	0.0
1978,747300	0.0
1978,747400	0.0
1979,722410	0.0
1979,722415	0.0
1979,722420	0.0
1979,722422	0.0
1979,722430	0.0
1979,722435	0.0
1979,722436	0.0
1979,722437	0.0
1979,722445	0.0
1979,722446	0.0
1979,722447	0.0
1979,722448	0.0
1979,722500	0.0
1979,722506	0.0
1979,722510	0.0
1979,722515	0.0
1979,722516	0.0
1979,722517	0.0
1979,722519	0.0
1979,722520	0.0
1979,722526	0.0
1979,722530	0.0
1979,722535	0.0
1979,722536	0.0
1979,722540	0.0
1979,722545	0.0
1979,722550	0.0
1979,722555	0.0
1979,722556	0.0
1979,722557	0.0
1979,722560	0.0
1979,722570	0.0
1979,722576	0.0
1979,722577	0.0
1979,722580	0.0
1979,722585	0.0
1979,722587	0.0
1979,722588	0.0
1979,722590	0.0
1979,722595	0.0
1979,722596	0.0
1979,722597	0.0
1979,722610	0.0
1979,722615	0.0
1979,722620	0.0
1979,722630	0.0
1979,722636	0.0
1979,722640	0.0
1979,722650	0.0
1979,722656	0.0
1979,722660	0.0
1979,722665	0.0
1979,722666	0.0
1979,722670	0.0
1979,722675	0.0
1979,722700	0.0
1979,723510	0.0
1979,723601	0.0
1979,723630	0.0
1979,747300	0.0
1979,747400	0.0
1980,722410	0.0
1980,722415	0.0
1980,722420	0.0
1980,722422	0.0
1980,722430	0.0
1980,722435	0.0
1980,722436	0.0
1980,722437	0.0
1980,722445	0.0
1980,722446	0.0
1980,722447	0.0
1980,722448	0.0
1980,722500	0.0
1980,722505	0.0
1980,722506	0.0
1980,722510	0.0
1980,722515	0.0
1980,722516	0.0
1980,722517	0.0
1980,722519	0.0
1980,722520	0.0
1980,722526	0.0
1980,722530	0.0
1980,722535	0.0
1980,722536	0.0
1980,722540	0.0
1980,722545	0.0
1980,722550	0.0
1980,722555	0.0
1980,722556	0.0
1980,722557	0.0
1980,722560	0.0
1980,722570	0.0
1980,722576	0.0
1980,722577	0.0
1980,722580	0.0
1980,722585	0.0
1980,722587	0.0
1980,722590	0.0
1980,722595	0.0
1980,722596	0.0
1980,722597	0.0
1980,722610	0.0
1980,722615	0.0
1980,722620	0.0
1980,722630	0.0
1980,722636	0.0
1980,722640	0.0
1980,722650	0.0
1980,722656	0.0
1980,722660	0.0
1980,722665	0.0
1980,722670	0.0
1980,722675	0.0
1980,722700	0.0
1980,723510	0.0
1980,723601	0.0
1980,723604	0.0
1980,723630	0.0
1980,726388	0.0
1980,747300	0.0
1980,747400	0.0
1981,722410	0.0
1981,722414	0.0
1981,722415	0.0
1981,722420	0.0
1981,722422	0.0
1981,722430	0.0
1981,722435	0.0
1981,722436	0.0
1981,722437	0.0
1981,722445	0.0
1981,722446	0.0
1981,722447	0.0
1981,722448	0.0
1981,722500	0.0
1981,722505	0.0
1981,722506	0.0
1981,722510	0.0
1981,722515	0.0
1981,722516	0.0
1981,722517	0.0
1981,722520	0.0
1981,722526	0.0
1981,722530	0.0
1981,722535	0.0
1981,722536	0.0
1981,722540	0.0
1981,722545	0.0
1981,722550	0.0
1981,722555	0.0
1981,722556	0.0
1981,722557	0.0
1981,722560	0.0
1981,722570	0.0
1981,722576	0.0
1981,722577	0.0
1981,722580	0.0
1981,722585	0.0
1981,722587	0.0
1981,722590	0.0
1981,722595	0.0
1981,722596	0.0
1981,722597	0.0
1981,722610	0.0
1981,722615	0.0
1981,722620	0.0
1981,722630	0.0
1981,722636	0.0
1981,722637	0.0
1981,722640	0.0
1981,722650	0.0
1981,722656	0.0
1981,722660	0.0
1981,722665	0.0
1981,722670	0.0
1981,722675	0.0
1981,722700	0.0
1981,723510	0.0
1981,723604	0.0
1981,723630	0.0
1981,726388	0.0
1981,747300	0.0
1981,747400	0.0
1982,690290	0.0
1982,690300	0.0
1982,722410	0.0
1982,722414	0.0
1982,722415	0.0
1982,722420	0.0
1982,722422	0.0
1982,722430	0.0
1982,722435	0.0
1982,722436	0.0
1982,722437	0.0
1982,722445	0.0
1982,722446	0.0
1982,722447	0.0
1982,722448	0.0
1982,722500	0.0
1982,722505	0.0
1982,722506	0.0
1982,722510	0.0
1982,722515	0.0
1982,722516	0.0
1982,722517	0.0
1982,722520	0.0
1982,722526	0.0
1982,722530	0.0
1982,722535	0.0
1982,722536	0.0
1982,722540	0.0
1982,722545	0.0
1982,722550	0.0
1982,722555	0.0
1982,722556	0.0
1982,722560	0.0
1982,722570	0.0
1982,722576	0.0
1982,722577	0.0
1982,722580	0.0
1982,722585	0.0
1982,722588	0.0
1982,722590	0.0
1982,722595	0.0
1982,722596	0.0
1982,722597	0.0
1982,722610	0.0
1982,722615	0.0
1982,722620	0.0
1982,722630	0.0
1982,722636	0.0
1982,722640	0.0
1982,722650	0.0
1982,722656	0.0
1982,722660	0.0
1982,722665	0.0
1982,722670	0.0
1982,722673	0.0
1982,722675	0.0
1982,722700	0.0
1982,723510	0.0
1982,723604	0.0
1982,723630	0.0
1982,726388	0.0
1982,747300	0.0
1982,747400	0.0
1983,690290	0.0
1983,690300	0.0
1983,722410	0.0
1983,722414	0.0
1983,722420	0.0
1983,722422	0.0
1983,722430	0.0
1983,722435	0.0
1983,722436	0.0
1983,722437	0.0
1983,722445	0.0
1983,722446	0.0
1983,722447	0.0
1983,722448	0.0
1983,722500	0.0
1983,722505	0.0
1983,722506	0.0
1983,722510	0.0
1983,722515	0.0
1983,722516	0.0
1983,722517	0.0
1983,722520	0.0
1983,722526	0.0
1983,722530	0.0
1983,722533	0.0
1983,722535	0.0
1983,722536	0.0
1983,722540	0.0
1983,722545	0.0
1983,722550	0.0
1983,722555	0.0
1983,722556	0.0
1983,722560	0.0
1983,722570	0.0
1983,722576	0.0
1983,722577	0.0
1983,722580	0.0
1983,722585	0.0
1983,722588	0.0
1983,722590	0.0
1983,722595	0.0
1983,722596	0.0
1983,722597	0.0
1983,722610	0.0
1983,722615	0.0
1983,722620	0.0
1983,722630	0.0
1983,722636	0.0
1983,722637	0.0
1983,722640	0.0
1983,722650	0.0
1983,722656	0.0
1983,722660	0.0
1983,722665	0.0
1983,722670	0.0
1983,722673	0.0
1983,722675	0.0
1983,722700	0.0
1983,723510	0.0
1983,723604	0.0
1983,723630	0.0
1983,726388	0.0
1983,747300	0.0
1983,747400	0.0
1983,999999	0.0
1984,722337	0.0
1984,722410	0.0
1984,722415	0.0
1984,722420	0.0
1984,722422	0.0
1984,722430	0.0
1984,722435	0.0
1984,722436	0.0
1984,722437	0.0
1984,722439	0.0
1984,722445	0.0
1984,722446	0.0
1984,722447	0.0
1984,722448	0.0
1984,722500	0.0
1984,722505	0.0
1984,722506	0.0
1984,722510	0.0
1984,722515	0.0
1984,722516	0.0
1984,722517	0.0
1984,722520	0.0
1984,722524	0.0
1984,722526	0.0
1984,722530	0.0
1984,722533	0.0
1984,722535	0.0
1984,722536	0.0
1984,722540	0.0
1984,722545	0.0
1984,722550	0.0
1984,722555	0.0
1984,722556	0.0
1984,722560	0.0
1984,722570	0.0
1984,722576	0.0
1984,722577	0.0
1984,722580	0.0
1984,722585	0.0
1984,722588	0.0
1984,722590	0.0
1984,722595	0.0
1984,722596	0.0
1984,722597	0.0
1984,722598	0.0
1984,722599	0.0
1984,722600	0.0
1984,722610	0.0
1984,722615	0.0
1984,722620	0.0
1984,722630	0.0
1984,722636	0.0
1984,722637	0.0
1984,722640	0.0
1984,722650	0.0
1984,722656	0.0
1984,722660	0.0
1984,722665	0.0
1984,722670	0.0
1984,722673	0.0
1984,722675	0.0
1984,722700	0.0
1984,723510	0.0
1984,723604	0.0
1984,723630	0.0
1984,726388	0.0
1984,747300	0.0
1984,747400	0.0
1985,722094	0.0
1985,722337	0.0
1985,722410	0.0
1985,722415	0.0
1985,722420	0.0
1985,722422	0.0
1985,722430	0.0
1985,722433	0.0
1985,722435	0.0
1985,722436	0.0
1985,722439	0.0
1985,722445	0.0
1985,722446	0.0
1985,722447	0.0
1985,722448	0.0
1985,722500	0.0
1985,722505	0.0
1985,722506	0.0
1985,722510	0.0
1985,722515	0.0
1985,722516	0.0
1985,722517	0.0
1985,722520	0.0
1985,722526	0.0
1985,722530	0.0
1985,722533	0.0
1985,722535	0.0
1985,722536	0.0
1985,722540	0.0
1985,722545	0.0
1985,722550	0.0
1985,722555	0.0
1985,722556	0.0
1985,722560	0.0
1985,722570	0.0
1985,722576	0.0
1985,722577	0.0
1985,722580	0.0
1985,722581	0.0
1985,722585	0.0
1985,722588	0.0
1985,722590	0.0
1985,722595	0.0
1985,722596	0.0
1985,722597	0.0
1985,722598	0.0
1985,722599	0.0
1985,722600	0.0
1985,722610	0.0
1985,722615	0.0
1985,722620	0.0
1985,722630	0.0
1985,722636	0.0
1985,722637	0.0
1985,722640	0.0
1985,722650	0.0
1985,722656	0.0
1985,722660	0.0
1985,722665	0.0
1985,722666	0.0
1985,722670	0.0
1985,722673	0.0
1985,722675	0.0
1985,722700	0.0
1985,723510	0.0
1985,723604	0.0
1985,723630	0.0
1985,726388	0.0
1985,747300	0.0
1985,747400	0.0
1985,994110	0.0
1985,994260	0.0
1986,722094	0.0
1986,722337	0.0
1986,722410	0.0
1986,722415	0.0
1986,722420	0.0
1986,722422	0.0
1986,722429	0.0
1986,722430	0.0
1986,722435	0.0
1986,722436	0.0
1986,722439	0.0
1986,722445	0.0
1986,722446	0.0
1986,722447	0.0
1986,722448	0.0
1986,722453	0.0
1986,722500	0.0
1986,722505	0.0
1986,722506	0.0
1986,722508	0.0
1986,722510	0.0
1986,722515	0.0
1986,722516	0.0
1986,722517	0.0
1986,722520	0.0
1986,722524	0.0
1986,722526	0.0
1986,722530	0.0
1986,722533	0.0
1986,722535	0.0
1986,722536	0.0
1986,722540	0.0
1986,722545	0.0
1986,722550	0.0
1986,722555	0.0
1986,722556	0.0
1986,722557	0.0
1986,722560	0.0
1986,722570	0.0
1986,722575	0.0
1986,722576	0.0
1986,722577	0.0
1986,722581	0.0
1986,722585	0.0
1986,722588	0.0
1986,722590	0.0
1986,722595	0.0
1986,722596	0.0
1986,722597	0.0
1986,722598	0.0
1986,722599	0.0
1986,722600	0.0
1986,722610	0.0
1986,722615	0.0
1986,722620	0.0
1986,722630	0.0
1986,722636	0.0
1986,722637	0.0
1986,722640	0.0
1986,722650	0.0
1986,722656	0.0
1986,722660	0.0
1986,722665	0.0
1986,722666	0.0
1986,722670	0.0
1986,722673	0.0
1986,722675	0.0
1986,722700	0.0
1986,723510	0.0
1986,723604	0.0
1986,723630	0.0
1986,747300	0.0
1986,747400	0.0
1986,994110	0.0
1986,994260	0.0
1987,722094	0.0
1987,722337	0.0
1987,722410	0.0
1987,722413	0.0
1987,722420	0.0
1987,722422	0.0
1987,722429	0.0
1987,722430	0.0
1987,722435	0.0
1987,722436	0.0
1987,722439	0.0
1987,722445	0.0
1987,722446	0.0
1987,722447	0.0
1987,722448	0.0
1987,722453	0.0
1987,722500	0.0
1987,722505	0.0
1987,722506	0.0
1987,722510	0.0
1987,722515	0.0
1987,722516	0.0
1987,722517	0.0
1987,722520	0.0
1987,722524	0.0
1987,722526	0.0
1987,722530	0.0
1987,722533	0.0
1987,722535	0.0
1987,722536	0.0
1987,722537	0.0
1987,722540	0.0
1987,722545	0.0
1987,722550	0.0
1987,722555	0.0
1987,722556	0.0
1987,722560	0.0
1987,722570	0.0
1987,722575	0.0
1987,722576	0.0
1987,722577	0.0
1987,722581	0.0
1987,722585	0.0
1987,722588	0.0
1987,722590	0.0
1987,722595	0.0
1987,722596	0.0
1987,722597	0.0
1987,722598	0.0
1987,722599	0.0
1987,722600	0.0
1987,722610	0.0
1987,722615	0.0
1987,722620	0.0
1987,722630	0.0
1987,722636	0.0
1987,722640	0.0
1987,722650	0.0
1987,722656	0.0
1987,722660	0.0
1987,722665	0.0
1987,722666	0.0
1987,722670	0.0
1987,722673	0.0
1987,722675	0.0
1987,722700	0.0
1987,723510	0.0
1987,723604	0.0
1987,723630	0.0
1987,747300	0.0
1987,747400	0.0
1987,994110	0.0
1987,994260	0.0
1988,722094	0.0
1988,722337	0.0
1988,722410	0.0
1988,722413	0.0
1988,722420	0.0
1988,722422	0.0
1988,722426	0.0
1988,722429	0.0
1988,722430	0.0
1988,722435	0.0
1988,722436	0.0
1988,722439	0.0
1988,722445	0.0
1988,722446	0.0
1988,722447	0.0
1988,722448	0.0
1988,722453	0.0
1988,722500	0.0
1988,722505	0.0
1988,722506	0.0
1988,722510	0.0
1988,722515	0.0
1988,722516	0.0
1988,722517	0.0
1988,722520	0.0
1988,722524	0.0
1988,722526	0.0
1988,722530	0.0
1988,722533	0.0
1988,722535	0.0
1988,722536	0.0
1988,722537	0.0
1988,722540	0.0
1988,722545	0.0
1988,722550	0.0
1988,722555	0.0
1988,722556	0.0
1988,722560	0.0
1988,722570	0.0
1988,722575	0.0
1988,722576	0.0
1988,722577	0.0
1988,722581	0.0
1988,722585	0.0
1988,722587	0.0
1988,722588	0.0
1988,722590	0.0
1988,722595	0.0
1988,722596	0.0
1988,722597	0.0
1988,722598	0.0
1988,722599	0.0
1988,722600	0.0
1988,722610	0.0
1988,722615	0.0
1988,722620	0.0
1988,722630	0.0
1988,722636	0.0
1988,722640	0.0
1988,722650	0.0
1988,722656	0.0
1988,722660	0.0
1988,722665	0.0
1988,722670	0.0
1988,722673	0.0
1988,722675	0.0
1988,722700	0.0
1988,723510	0.0
1988,723604	0.0
1988,723630	0.0
1988,747300	0.0
1988,747400	0.0
1988,994110	0.0
1988,994260	0.0
1989,690190	0.0
1989,722337	0.0
1989,722410	0.0
1989,722420	0.0
1989,722422	0.0
1989,722426	0.0
1989,722429	0.0
1989,722430	0.0
1989,722435	0.0
1989,722436	0.0
1989,722439	0.0
1989,722445	0.0
1989,722446	0.0
1989,722447	0.0
1989,722448	0.0
1989,722453	0.0
1989,722500	0.0
1989,722505	0.0
1989,722506	0.0
1989,722510	0.0
1989,722515	0.0
1989,722516	0.0
1989,722517	0.0
1989,722520	0.0
1989,722524	0.0
1989,722526	0.0
1989,722527	0.0
1989,722530	0.0
1989,722533	0.0
1989,722535	0.0
1989,722536	0.0
1989,722537	0.0
1989,722540	0.0
1989,722545	0.0
1989,722550	0.0
1989,722555	0.0
1989,722556	0.0
1989,722560	0.0
1989,722570	0.0
1989,722575	0.0
1989,722576	0.0
1989,722577	0.0
1989,722581	0.0
1989,722585	0.0
1989,722587	0.0
1989,722588	0.0
1989,722590	0.0
1989,722595	0.0
1989,722596	0.0
1989,722597	0.0
1989,722598	0.0
1989,722599	0.0
1989,722600	0.0
1989,722610	0.0
1989,722615	0.0
1989,722620	0.0
1989,722630	0.0
1989,722636	0.0
1989,722640	0.0
1989,722650	0.0
1989,722656	0.0
1989,722660	0.0
1989,722670	0.0
1989,722673	0.0
1989,722675	0.0
1989,722700	0.0
1989,723510	0.0
1989,723604	0.0
1989,723630	0.0
1989,747300	0.0
1989,747400	0.0
1989,994110	0.0
1989,994260	0.0
1990,690190	0.0
1990,722337	0.0
1990,722410	0.0
1990,722420	0.0
1990,722422	0.0
1990,722423	0.0
1990,722429	0.0
1990,722430	0.0
1990,722435	0.0
1990,722436	0.0
1990,722439	0.0
1990,722445	0.0
1990,722446	0.0
1990,722447	0.0
1990,722448	0.0
1990,722453	0.0
1990,722500	0.0
1990,722505	0.0
1990,722506	0.0
1990,722510	0.0
1990,722515	0.0
1990,722516	0.0
1990,722517	0.0
1990,722520	0.0
1990,722524	0.0
1990,722526	0.0
1990,722527	0.0
1990,722530	0.0
1990,722533	0.0
1990,722535	0.0
1990,722536	0.0
1990,722537	0.0
1990,722540	0.0
1990,722545	0.0
1990,722550	0.0
1990,722555	0.0
1990,722556	0.0
1990,722560	0.0
1990,722570	0.0
1990,722575	0.0
1990,722576	0.0
1990,722577	0.0
1990,722581	0.0
1990,722583	0.0
1990,722585	0.0
1990,722587	0.0
1990,722588	0.0
1990,722590	0.0
1990,722595	0.0
1990,722596	0.0
1990,722597	0.0
1990,722598	0.0
1990,722599	0.0
1990,722600	0.0
1990,722610	0.0
1990,722615	0.0
1990,722620	0.0
1990,722630	0.0
1990,722636	0.0
1990,722640	0.0
1990,722650	0.0
1990,722656	0.0
1990,722660	0.0
1990,722670	0.0
1990,722673	0.0
1990,722675	0.0
1990,722700	0.0
1990,723510	0.0
1990,723604	0.0
1990,723630	0.0
1990,747300	0.0
1990,747400	0.0
1990,994110	0.0
1990,994260	0.0
1990,994510	0.0
1991,690190	0.0
1991,722337	0.0
1991,722410	0.0
1991,722420	0.0
1991,722423	0.0
1991,722429	0.0
1991,722430	0.0
1991,722435	0.0
1991,722436	0.0
1991,722439	0.0
1991,722445	0.0
1991,722446	0.0
1991,722447	0.0
1991,722448	0.0
1991,722453	0.0
1991,722470	0.0
1991,722500	0.0
1991,722505	0.0
1991,722506	0.0
1991,722510	0.0
1991,722515	0.0
1991,722516	0.0
1991,722517	0.0
1991,722520	0.0
1991,722524	0.0
1991,722526	0.0
1991,722530	0.0
1991,722533	0.0
1991,722535	0.0
1991,722536	0.0
1991,722537	0.0
1991,722540	0.0
1991,722545	0.0
1991,722550	0.0
1991,722555	0.0
1991,722556	0.0
1991,722560	0.0
1991,722570	0.0
1991,722575	0.0
1991,722576	0.0
1991,722577	0.0
1991,722583	0.0
1991,722585	0.0
1991,722587	0.0
1991,722588	0.0
1991,722590	0.0
1991,722594	0.0
1991,722595	0.0
1991,722596	0.0
1991,722597	0.0
1991,722598	0.0
1991,722599	0.0
1991,722600	0.0
1991,722610	0.0
1991,722615	0.0
1991,722620	0.0
1991,722630	0.0
1991,722636	0.0
1991,722640	0.0
1991,722650	0.0
1991,722656	0.0
1991,722660	0.0
1991,722670	0.0
1991,722673	0.0
1991,722675	0.0
1991,722700	0.0
1991,723510	0.0
1991,723604	0.0
1991,723630	0.0
1991,747300	0.0
1991,747400	0.0
1991,994110	0.0
1991,994260	0.0
1991,994510	0.0
1992,690190	0.0
1992,722337	0.0
1992,722410	0.0
1992,722420	0.0
1992,722429	0.0
1992,722430	0.0
1992,722435	0.0
1992,722436	0.0
1992,722439	0.0
1992,722445	0.0
1992,722446	0.0
1992,722448	0.0
1992,722453	0.0
1992,722470	0.0
1992,722499	0.0
1992,722500	0.0
1992,722505	0.0
1992,722506	0.0
1992,722510	0.0
1992,722515	0.0
1992,722516	0.0
1992,722517	0.0
1992,722520	0.0
1992,722524	0.0
1992,722526	0.0
1992,722530	0.0
1992,722533	0.0
1992,722535	0.0
1992,722536	0.0
1992,722537	0.0
1992,722540	0.0
1992,722545	0.0
1992,722546	0.0
1992,722547	0.0
1992,722550	0.0
1992,722555	0.0
1992,722556	0.0
1992,722560	0.0
1992,722563	0.0
1992,722570	0.0
1992,722575	0.0
1992,722576	0.0
1992,722577	0.0
1992,722583	0.0
1992,722585	0.0
1992,722588	0.0
1992,722590	0.0
1992,722594	0.0
1992,722595	0.0
1992,722596	0.0
1992,722597	0.0
1992,722598	0.0
1992,722599	0.0
1992,722600	0.0
1992,722610	0.0
1992,722615	0.0
1992,722620	0.0
1992,722630	0.0
1992,722636	0.0
1992,722640	0.0
1992,722650	0.0
1992,722656	0.0
1992,722660	0.0
1992,722670	0.0
1992,722673	0.0
1992,722675	0.0
1992,722700	0.0
1992,723510	0.0
1992,723604	0.0
1992,723630	0.0
1992,747300	0.0
1992,747400	0.0
1992,994110	0.0
1992,994260	0.0
1993,690190	0.0
1993,722337	0.0
1993,722410	0.0
1993,722420	0.0
1993,722429	0.0
1993,722430	0.0
1993,722435	0.0
1993,722436	0.0
1993,722445	0.0
1993,722446	0.0
1993,722448	0.0
1993,722453	0.0
1993,722470	0.0
1993,722499	0.0
1993,722500	0.0
1993,722505	0.0
1993,722506	0.0
1993,722510	0.0
1993,722515	0.0
1993,722516	0.0
1993,722517	0.0
1993,722520	0.0
1993,722524	0.0
1993,722526	0.0
1993,722530	0.0
1993,722533	0.0
1993,722535	0.0
1993,722536	0.0
1993,722540	0.0
1993,722545	0.0
1993,722546	0.0
1993,722547	0.0
1993,722550	0.0
1993,722555	0.0
1993,722560	0.0
1993,722563	0.0
1993,722570	0.0
1993,722575	0.0
1993,722576	0.0
1993,722577	0.0
1993,722583	0.0
1993,722585	0.0
1993,722587	0.0
1993,722588	0.0
1993,722590	0.0
1993,722594	0.0
1993,722595	0.0
1993,722596	0.0
1993,722597	0.0
1993,722598	0.0
1993,722599	0.0
1993,722600	0.0
1993,722610	0.0
1993,722615	0.0
1993,722620	0.0
1993,722630	0.0
1993,722636	0.0
1993,722640	0.0
1993,722650	0.0
1993,722656	0.0
1993,722660	0.0
1993,722670	0.0
1993,722673	0.0
1993,722675	0.0
1993,722700	0.0
1993,723510	0.0
1993,723604	0.0
1993,723630	0.0
1993,747300	0.0
1993,747400	0.0
1993,994110	0.0
1993,994260	0.0
1994,690190	0.0
1994,722410	0.0
1994,722420	0.0
1994,722429	0.0
1994,722430	0.0
1994,722435	0.0
1994,722436	0.0
1994,722445	0.0
1994,722446	0.0
1994,722448	0.0
1994,722453	0.0
1994,722470	0.0
1994,722499	0.0
1994,722500	0.0
1994,722505	0.0
1994,722506	0.0
1994,722510	0.0
1994,722515	0.0
1994,722516	0.0
1994,722517	0.0
1994,722520	0.0
1994,722524	0.0
1994,722526	0.0
1994,722530	0.0
1994,722533	0.0
1994,722535	0.0
1994,722536	0.0
1994,722540	0.0
1994,722545	0.0
1994,722546	0.0
1994,722547	0.0
1994,722550	0.0
1994,722555	0.0
1994,722560	0.0
1994,722563	0.0
1994,722570	0.0
1994,722575	0.0
1994,722576	0.0
1994,722577	0.0
1994,722583	0.0
1994,722585	0.0
1994,722587	0.0
1994,722588	0.0
1994,722590	0.0
1994,722594	0.0
1994,722595	0.0
1994,722596	0.0
1994,722597	0.0
1994,722598	0.0
1994,722599	0.0
1994,722600	0.0
1994,722610	0.0
1994,722615	0.0
1994,722620	0.0
1994,722630	0.0
1994,722636	0.0
1994,722640	0.0
1994,722650	0.0
1994,722656	0.0
1994,722660	0.0
1994,722670	0.0
1994,722673	0.0
1994,722675	0.0
1994,722700	0.0
1994,723510	0.0
1994,723604	0.0
1994,723630	0.0
1994,747300	0.0
1994,747400	0.0
1994,994110	0.0
1994,994260	0.0
1995,690190	0.0
1995,722410	0.0
1995,722420	0.0
1995,722429	0.0
1995,722430	0.0
1995,722435	0.0
1995,722436	0.0
1995,722445	0.0
1995,722446	0.0
1995,722448	0.0
1995,722453	0.0
1995,722470	0.0
1995,722499	0.0
1995,722500	0.0
1995,722505	0.0
1995,722506	0.0
1995,722510	0.0
1995,722515	0.0
1995,722516	0.0
1995,722517	0.0
1995,722520	0.0
1995,722524	0.0
1995,722526	0.0
1995,722530	0.0
1995,722535	0.0
1995,722536	0.0
1995,722540	0.0
1995,722545	0.0
1995,722546	0.0
1995,722547	0.0
1995,722550	0.0
1995,722555	0.0
1995,722560	0.0
1995,722563	0.0
1995,722570	0.0
1995,722575	0.0
1995,722576	0.0
1995,722577	0.0
1995,722583	0.0
1995,722585	0.0
1995,722587	0.0
1995,722588	0.0
1995,722590	0.0
1995,722594	0.0
1995,722595	0.0
1995,722596	0.0
1995,722597	0.0
1995,722598	0.0
1995,722599	0.0
1995,722610	0.0
1995,722615	0.0
1995,722620	0.0
1995,722630	0.0
1995,722636	0.0
1995,722640	0.0
1995,722650	0.0
1995,722656	0.0
1995,722660	0.0
1995,722670	0.0
1995,722673	0.0
1995,722675	0.0
1995,722700	0.0
1995,723510	0.0
1995,723604	0.0
1995,723630	0.0
1995,747300	0.0
1995,747400	0.0
1995,994110	0.0
1995,994260	0.0
1996,690190	0.0
1996,722410	0.0
1996,722420	0.0
1996,722429	0.0
1996,722430	0.0
1996,722435	0.0
1996,722436	0.0
1996,722445	0.0
1996,722446	0.0
1996,722448	0.0
1996,722453	0.0
1996,722470	0.0
1996,722499	0.0
1996,722500	0.0
1996,722505	0.0
1996,722506	0.0
1996,722510	0.0
1996,722515	0.0
1996,722516	0.0
1996,722517	0.0
1996,722518	0.0
1996,722520	0.0
1996,722524	0.0
1996,722526	0.0
1996,722530	0.0
1996,722533	0.0
1996,722535	0.0
1996,722536	0.0
1996,722540	0.0
1996,722545	0.0
1996,722546	0.0
1996,722547	0.0
1996,722550	0.0
1996,722555	0.0
1996,722560	0.0
1996,722563	0.0
1996,722570	0.0
1996,722575	0.0
1996,722576	0.0
1996,722577	0.0
1996,722583	0.0
1996,722585	0.0
1996,722587	0.0
1996,722588	0.0
1996,722590	0.0
1996,722594	0.0
1996,722595	0.0
1996,722596	0.0
1996,722597	0.0
1996,722598	0.0
1996,722599	0.0
1996,722610	0.0
1996,722615	0.0
1996,722620	0.0
1996,722630	0.0
1996,722636	0.0
1996,722640	0.0
1996,722650	0.0
1996,722656	0.0
1996,722660	0.0
1996,722670	0.0
1996,722673	0.0
1996,722675	0.0
1996,722700	0.0
1996,723510	0.0
1996,723513	0.0
1996,723604	0.0
1996,723630	0.0
1996,747300	0.0
1996,747400	0.0
1996,994110	0.0
1996,994260	0.0
1997,690190	0.0
1997,722410	0.0
1997,722420	0.0
1997,722429	0.0
1997,722430	0.0
1997,722435	0.0
1997,722436	0.0
1997,722445	0.0
1997,722446	0.0
1997,722448	0.0
1997,722453	0.0
1997,722470	0.0
1997,722499	0.0
1997,722500	0.0
1997,722505	0.0
1997,722506	0.0
1997,722510	0.0
1997,722515	0.0
1997,722516	0.0
1997,722517	0.0
1997,722518	0.0
1997,722520	0.0
1997,722524	0.0
1997,722526	0.0
1997,722530	0.0
1997,722533	0.0
1997,722535	0.0
1997,722536	0.0
1997,722540	0.0
1997,722541	0.0
1997,722542	0.0
1997,722543	0.0
1997,722547	0.0
1997,722550	0.0
1997,722555	0.0
1997,722560	0.0
1997,722563	0.0
1997,722570	0.0
1997,722575	0.0
1997,722576	0.0
1997,722577	0.0
1997,722583	0.0
1997,722585	0.0
1997,722587	0.0
1997,722588	0.0
1997,722590	0.0
1997,722594	0.0
1997,722595	0.0
1997,722596	0.0
1997,722597	0.0
1997,722598	0.0
1997,722599	0.0
1997,722610	0.0
1997,722615	0.0
1997,722630	0.0
1997,722636	0.0
1997,722640	0.0
1997,722650	0.0
1997,722654	0.0
1997,722656	0.0
1997,722660	0.0
1997,722670	0.0
1997,722673	0.0
1997,722675	0.0
1997,722700	0.0
1997,723510	0.0
1997,723604	0.0
1997,723630	0.0
1997,747300	0.0
1997,747400	0.0
1997,994110	0.0
1997,994260	0.0
1998,690190	0.0
1998,722410	0.0
1998,722420	0.0
1998,722429	0.0
1998,722430	0.0
1998,722435	0.0
1998,722436	0.0
1998,722445	0.0
1998,722446	0.0
1998,722448	0.0
1998,722453	0.0
1998,722470	0.0
1998,722499	0.0
1998,722500	0.0
1998,722505	0.0
1998,722506	0.0
1998,722510	0.0
1998,722515	0.0
1998,722516	0.0
1998,722517	0.0
1998,722520	0.0
1998,722523	0.0
1998,722524	0.0
1998,722526	0.0
1998,722527	0.0
1998,722530	0.0
1998,722533	0.0
1998,722535	0.0
1998,722536	0.0
1998,722539	0.0
1998,722540	0.0
1998,722541	0.0
1998,722542	0.0
1998,722543	0.0
1998,722545	0.0
1998,722547	0.0
1998,722550	0.0
1998,722555	0.0
1998,722560	0.0
1998,722563	0.0
1998,722570	0.0
1998,722575	0.0
1998,722576	0.0
1998,722577	0.0
1998,722583	0.0
1998,722587	0.0
1998,722588	0.0
1998,722589	0.0
1998,722590	0.0
1998,722594	0.0
1998,722595	0.0
1998,722596	0.0
1998,722597	0.0
1998,722598	0.0
1998,722599	0.0
1998,722610	0.0
1998,722615	0.0
1998,722618	0.0
1998,722630	0.0
1998,722636	0.0
1998,722640	0.0
1998,722650	0.0
1998,722656	0.0
1998,722660	0.0
1998,722670	0.0
1998,722673	0.0
1998,722700	0.0
1998,723510	0.0
1998,723604	0.0
1998,723630	0.0
1998,747300	0.0
1998,747400	0.0
1998,994110	0.0
1998,994260	0.0
1999,690190	0.0
1999,722410	0.0
1999,722416	0.0
1999,722420	0.0
1999,722429	0.0
1999,722430	0.0
1999,722435	0.0
1999,722436	0.0
1999,722444	0.0
1999,722445	0.0
1999,722446	0.0
1999,722447	0.0
1999,722448	0.0
1999,722469	0.0
1999,722470	0.0
1999,722479	0.0
1999,722489	0.0
1999,722499	0.0
1999,722500	0.0
1999,722505	0.0
1999,722506	0.0
1999,722510	0.0
1999,722515	0.0
1999,722516	0.0
1999,722517	0.0
1999,722520	0.0
1999,722523	0.0
1999,722524	0.0
1999,722526	0.0
1999,722527	0.0
1999,722530	0.0
1999,722533	0.0
1999,722535	0.0
1999,722536	0.0
1999,722539	0.0
1999,722540	0.0
1999,722541	0.0
1999,722542	0.0
1999,722543	0.0
1999,722545	0.0
1999,722547	0.0
1999,722550	0.0
1999,722555	0.0
1999,722560	0.0
1999,722563	0.0
1999,722570	0.0
1999,722575	0.0
1999,722576	0.0
1999,722577	0.0
1999,722583	0.0
1999,722587	0.0
1999,722588	0.0
1999,722589	0.0
1999,722590	0.0
1999,722594	0.0
1999,722595	0.0
1999,722596	0.0
1999,722597	0.0
1999,722598	0.0
1999,722599	0.0
1999,722610	0.0
1999,722615	0.0
1999,722618	0.0
1999,722620	0.0
1999,722630	0.0
1999,722636	0.0
1999,722640	0.0
1999,722650	0.0
1999,722656	0.0
1999,722660	0.0
1999,722670	0.0
1999,722673	0.0
1999,722700	0.0
1999,723510	0.0
1999,723513	0.0
1999,723604	0.0
1999,723630	0.0
1999,723635	0.0
1999,747300	0.0
1999,747400	0.0
1999,994110	0.0
1999,994260	0.0
2000,690190	0.0
2000,722410	0.0
2000,722416	0.0
2000,722420	0.0
2000,722429	0.0
2000,722430	0.0
2000,722435	0.0
2000,722436	0.0
2000,722444	0.0
2000,722445	0.0
2000,722446	0.0
2000,722447	0.0
2000,722448	0.0
2000,722453	0.0
2000,722469	0.0
2000,722470	0.0
2000,722479	0.0
2000,722489	0.0
2000,722499	0.0
2000,722500	0.0
2000,722505	0.0
2000,722506	0.0
2000,722510	0.0
2000,722515	0.0
2000,722516	0.0
2000,722517	0.0
2000,722520	0.0
2000,722523	0.0
2000,722524	0.0
2000,722526	0.0
2000,722527	0.0
2000,722530	0.0
2000,722533	0.0
2000,722535	0.0
2000,722536	0.0
2000,722539	0.0
2000,722540	0.0
2000,722541	0.0
2000,722542	0.0
2000,722543	0.0
2000,722544	0.0
2000,722547	0.0
2000,722550	0.0
2000,722555	0.0
2000,722560	0.0
2000,722563	0.0
2000,722570	0.0
2000,722575	0.0
2000,722576	0.0
2000,722577	0.0
2000,722583	0.0
2000,722587	0.0
2000,722588	0.0
2000,722589	0.0
2000,722590	0.0
2000,722594	0.0
2000,722595	0.0
2000,722596	0.0
2000,722597	0.0
2000,722598	0.0
2000,722599	0.0
2000,722610	0.0
2000,722615	0.0
2000,722618	0.0
2000,722620	0.0
2000,722630	0.0
2000,722636	0.0
2000,722640	0.0
2000,722650	0.0
2000,722656	0.0
2000,722660	0.0
2000,722670	0.0
2000,722673	0.0
2000,722700	0.0
2000,723510	0.0
2000,723513	0.0
2000,723604	0.0
2000,723630	0.0
2000,723635	0.0
2000,747400	0.0
2000,994110	0.0
2000,994260	0.0
2001,690190	0.0
2001,722410	0.0
2001,722416	0.0
2001,722420	0.0
2001,722427	0.0
2001,722429	0.0
2001,722430	0.0
2001,722435	0.0
2001,722436	0.0
2001,722444	0.0
2001,722445	0.0
2001,722446	0.0
2001,722447	0.0
2001,722448	0.0
2001,722469	0.0
2001,722470	0.0
2001,722479	0.0
2001,722489	0.0
2001,722499	0.0
2001,722500	0.0
2001,722505	0.0
2001,722506	0.0
2001,722508	0.0
2001,722510	0.0
2001,722515	0.0
2001,722516	0.0
2001,722517	0.0
2001,722520	0.0
2001,722523	0.0
2001,722524	0.0
2001,722526	0.0
2001,722527	0.0
2001,722530	0.0
2001,722533	0.0
2001,722535	0.0
2001,722536	0.0
2001,722539	0.0
2001,722540	0.0
2001,722541	0.0
2001,722542	0.0
2001,722543	0.0
2001,722544	0.0
2001,722547	0.0
2001,722550	0.0
2001,722555	0.0
2001,722560	0.0
2001,722563	0.0
2001,722570	0.0
2001,722575	0.0
2001,722576	0.0
2001,722577	0.0
2001,722583	0.0
2001,722587	0.0
2001,722588	0.0
2001,722589	0.0
2001,722590	0.0
2001,722594	0.0
2001,722595	0.0
2001,722596	0.0
2001,722597	0.0
2001,722598	0.0
2001,722599	0.0
2001,722610	0.0
2001,722615	0.0
2001,722616	0.0
2001,722618	0.0
2001,722620	0.0
2001,722630	0.0
2001,722636	0.0
2001,722640	0.0
2001,722648	0.0
2001,722650	0.0
2001,722656	0.0
2001,722660	0.0
2001,722670	0.0
2001,722673	0.0
2001,722700	0.0
2001,723510	0.0
2001,723604	0.0
2001,723630	0.0
2001,723635	0.0
2001,747400	0.0
2001,994110	0.0
2001,994260	0.0
2002,690190	0.0
2002,722410	0.0
2002,722416	0.0
2002,722420	0.0
2002,722427	0.0
2002,722429	0.0
2002,722430	0.0
2002,722435	0.0
2002,722436	0.0
2002,722444	0.0
2002,722445	0.0
2002,722446	0.0
2002,722447	0.0
2002,722448	0.0
2002,722469	0.0
2002,722470	0.0
2002,722479	0.0
2002,722489	0.0
2002,722499	0.0
2002,722500	0.0
2002,722505	0.0
2002,722506	0.0
2002,722508	0.0
2002,722510	0.0
2002,722515	0.0
2002,722516	0.0
2002,722517	0.0
2002,722520	0.0
2002,722523	0.0
2002,722524	0.0
2002,722526	0.0
2002,722527	0.0
2002,722530	0.0
2002,722533	0.0
2002,722535	0.0
2002,722536	0.0
2002,722537	0.0
2002,722539	0.0
2002,722540	0.0
2002,722541	0.0
2002,722542	0.0
2002,722543	0.0
2002,722544	0.0
2002,722547	0.0
2002,722550	0.0
2002,722552	0.0
2002,722553	0.0
2002,722554	0.0
2002,722555	0.0
2002,722560	0.0
2002,722563	0.0
2002,722570	0.0
2002,722575	0.0
2002,722576	0.0
2002,722577	0.0
2002,722583	0.0
2002,722587	0.0
2002,722588	0.0
2002,722589	0.0
2002,722590	0.0
2002,722593	0.0
2002,722594	0.0
2002,722595	0.0
2002,722596	0.0
2002,722597	0.0
2002,722598	0.0
2002,722599	0.0
2002,722610	0.0
2002,722615	0.0
2002,722616	0.0
2002,722618	0.0
2002,722620	0.0
2002,722630	0.0
2002,722636	0.0
2002,722640	0.0
2002,722648	0.0
2002,722650	0.0
2002,722656	0.0
2002,722660	0.0
2002,722666	0.0
2002,722670	0.0
2002,722673	0.0
2002,722700	0.0
2002,723510	0.0
2002,723604	0.0
2002,723630	0.0
2002,723635	0.0
2002,747400	0.0
2002,994110	0.0
2002,994260	0.0
2002,994510	0.0
2003,690190	0.0
2003,722410	0.0
2003,722416	0.0
2003,722420	0.0
2003,722427	0.0
2003,722429	0.0
2003,722430	0.0
2003,722435	0.0
2003,722436	0.0
2003,722444	0.0
2003,722445	0.0
2003,722446	0.0
2003,722447	0.0
2003,722448	0.0
2003,722469	0.0
2003,722470	0.0
2003,722479	0.0
2003,722489	0.0
2003,722499	0.0
2003,722500	0.0
2003,722505	0.0
2003,722506	0.0
2003,722508	0.0
2003,722510	0.0
2003,722515	0.0
2003,722516	0.0
2003,722517	0.0
2003,722520	0.0
2003,722523	0.0
2003,722524	0.0
2003,722526	0.0
2003,722527	0.0
2003,722530	0.0
2003,722533	0.0
2003,722535	0.0
2003,722536	0.0
2003,722537	0.0
2003,722539	0.0
2003,722540	0.0
2003,722541	0.0
2003,722542	0.0
2003,722543	0.0
2003,722544	0.0
2003,722547	0.0
2003,722550	0.0
2003,722552	0.0
2003,722553	0.0
2003,722554	0.0
2003,722555	0.0
2003,722560	0.0
2003,722563	0.0
2003,722570	0.0
2003,722575	0.0
2003,722576	0.0
2003,722577	0.0
2003,722583	0.0
2003,722587	0.0
2003,722588	0.0
2003,722589	0.0
2003,722590	0.0
2003,722593	0.0
2003,722594	0.0
2003,722595	0.0
2003,722596	0.0
2003,722597	0.0
2003,722598	0.0
2003,722599	0.0
2003,722600	0.0
2003,722610	0.0
2003,722615	0.0
2003,722616	0.0
2003,722618	0.0
2003,722620	0.0
2003,722630	0.0
2003,722636	0.0
2003,722637	0.0
2003,722640	0.0
2003,722648	0.0
2003,722650	0.0
2003,722656	0.0
2003,722660	0.0
2003,722666	0.0
2003,722670	0.0
2003,722673	0.0
2003,722700	0.0
2003,723510	0.0
2003,723604	0.0
2003,723630	0.0
2003,723635	0.0
2003,747400	0.0
2003,994110	0.0
2003,994260	0.0
2004,690190	0.0
2004,690290	0.0
2004,720110	0.0
2004,720150	0.0
2004,720151	0.0
2004,720261	0.0
2004,720269	0.0
2004,720271	0.0
2004,720273	0.0
2004,720276	0.0
2004,720281	0.0
2004,720286	0.0
2004,720287	0.0
2004,720291	0.0
2004,720295	0.0
2004,720296	0.0
2004,720298	0.0
2004,720299	0.0
2004,720302	0.0
2004,720303	0.0
2004,720305	0.0
2004,720311	0.0
2004,720314	0.0
2004,720315	0.0
2004,720316	0.0
2004,720318	0.0
2004,720320	0.0
2004,720323	0.0
2004,722042	0.0
2004,722094	0.0
2004,722102	0.0
2004,722107	0.0
2004,722112	0.0
2004,722113	0.0
2004,722122	0.0
2004,722143	0.0
2004,722159	0.0
2004,722169	0.0
2004,722174	0.0
2004,722192	0.0
2004,722202	0.0
2004,722209	0.0
2004,722214	0.0
2004,722323	0.0
2004,722324	0.0
2004,722338	0.0
2004,722351	0.0
2004,722410	0.0
2004,722416	0.0
2004,722420	0.0
2004,722427	0.0
2004,722429	0.0
2004,722430	0.0
2004,722435	0.0
2004,722436	0.0
2004,722444	0.0
2004,722445	0.0
2004,722446	0.0
2004,722447	0.0
2004,722448	0.0
2004,722453	0.0
2004,722469	0.0
2004,722470	0.0
2004,722479	0.0
2004,722489	0.0
2004,722499	0.0
2004,722500	0.0
2004,722505	0.0
2004,722506	0.0
2004,722508	0.0
2004,722510	0.0
2004,722515	0.0
2004,722516	0.0
2004,722517	0.0
2004,722520	0.0
2004,722523	0.0
2004,722524	0.0
2004,722526	0.0
2004,722527	0.0
2004,722530	0.0
2004,722533	0.0
2004,722535	0.0
2004,722536	0.0
2004,722537	0.0
2004,722539	0.0
2004,722540	0.0
2004,722541	0.0
2004,722542	0.0
2004,722543	0.0
2004,722544	0.0
2004,722547	0.0
2004,722550	0.0
2004,722552	0.0
2004,722553	0.0
2004,722554	0.0
2004,722555	0.0
2004,722560	0.0
2004,722563	0.0
2004,722570	0.0
2004,722575	0.0
2004,722576	0.0
2004,722577	0.0
2004,722583	0.0
2004,722587	0.0
2004,722588	0.0
2004,722589	0.0
2004,722590	0.0
2004,722593	0.0
2004,722594	0.0
2004,722595	0.0
2004,722596	0.0
2004,722597	0.0
2004,722598	0.0
2004,722599	0.0
2004,722600	0.0
2004,722610	0.0
2004,722615	0.0
2004,722616	0.0
2004,722618	0.0
2004,722620	0.0
2004,722630	0.0
2004,722636	0.0
2004,722637	0.0
2004,722640	0.0
2004,722648	0.0
2004,722650	0.0
2004,722656	0.0
2004,722660	0.0
2004,722666	0.0
2004,722670	0.0
2004,722700	0.0
2004,723510	0.0
2004,723513	0.0
2004,723604	0.0
2004,723630	0.0
2004,723635	0.0
2004,747335	0.0
2004,747355	0.0
2004,747400	0.0
2004,994110	0.0
2004,994260	0.0
2004,994730	0.0
2004,999999	0.0
2005,690190	0.0
2005,720110	0.0
2005,720151	0.0
2005,720261	0.0
2005,720269	0.0
2005,720271	0.0
2005,720273	0.0
2005,720276	0.0
2005,720281	0.0
2005,720286	0.0
2005,720287	0.0
2005,720291	0.0
2005,720295	0.0
2005,720296	0.0
2005,720298	0.0
2005,720299	0.0
2005,720302	0.0
2005,720303	0.0
2005,720305	0.0
2005,720311	0.0
2005,720314	0.0
2005,720315	0.0
2005,720316	0.0
2005,720318	0.0
2005,720320	0.0
2005,720323	0.0
2005,722008	0.0
2005,722042	0.0
2005,722094	0.0
2005,722107	0.0
2005,722112	0.0
2005,722113	0.0
2005,722122	0.0
2005,722143	0.0
2005,722159	0.0
2005,722169	0.0
2005,722174	0.0
2005,722192	0.0
2005,722202	0.0
2005,722209	0.0
2005,722214	0.0
2005,722323	0.0
2005,722324	0.0
2005,722338	0.0
2005,722351	0.0
2005,722362	0.0
2005,722363	0.0
2005,722410	0.0
2005,722416	0.0
2005,722420	0.0
2005,722427	0.0
2005,722429	0.0
2005,722430	0.0
2005,722435	0.0
2005,722436	0.0
2005,722444	0.0
2005,722445	0.0
2005,722446	0.0
2005,722447	0.0
2005,722448	0.0
2005,722453	0.0
2005,722469	0.0
2005,722470	0.0
2005,722479	0.0
2005,722489	0.0
2005,722499	0.0
2005,722500	0.0
2005,722505	0.0
2005,722506	0.0
2005,722508	0.0
2005,722510	0.0
2005,722515	0.0
2005,722516	0.0
2005,722517	0.0
2005,722520	0.0
2005,722523	0.0
2005,722524	0.0
2005,722526	0.0
2005,722527	0.0
2005,722530	0.0
2005,722533	0.0
2005,722535	0.0
2005,722536	0.0
2005,722537	0.0
2005,722539	0.0
2005,722540	0.0
2005,722541	0.0
2005,722542	0.0
2005,722543	0.0
2005,722544	0.0
2005,722547	0.0
2005,722550	0.0
2005,722552	0.0
2005,722553	0.0
2005,722554	0.0
2005,722555	0.0
2005,722560	0.0
2005,722563	0.0
2005,722570	0.0
2005,722575	0.0
2005,722576	0.0
2005,722577	0.0
2005,722583	0.0
2005,722587	0.0
2005,722588	0.0
2005,722589	0.0
2005,722590	0.0
2005,722593	0.0
2005,722594	0.0
2005,722595	0.0
2005,722596	0.0
2005,722597	0.0
2005,722598	0.0
2005,722599	0.0
2005,722600	0.0
2005,722610	0.0
2005,722615	0.0
2005,722616	0.0
2005,722618	0.0
2005,722620	0.0
2005,722630	0.0
2005,722636	0.0
2005,722637	0.0
2005,722640	0.0
2005,722648	0.0
2005,722650	0.0
2005,722656	0.0
2005,722660	0.0
2005,722666	0.0
2005,722670	0.0
2005,722700	0.0
2005,723510	0.0
2005,723604	0.0
2005,723628	0.0
2005,723629	0.0
2005,723630	0.0
2005,723635	0.0
2005,723761	0.0
2005,724462	0.0
2005,726388	0.0
2005,747335	0.0
2005,747355	0.0
2005,747400	0.0
2005,994037	0.0
2005,994110	0.0
2005,994260	0.0
2005,997361	0.0
2005,997363	0.0
2005,997364	0.0
2005,997366	0.0
2005,997368	0.0
2005,997369	0.0
2005,997370	0.0
2005,999999	0.0
2006,690190	0.0
2006,720110	0.0
2006,720151	0.0
2006,720261	0.0
2006,720269	0.0
2006,720271	0.0
2006,720273	0.0
2006,720276	0.0
2006,720281	0.0
2006,720286	0.0
2006,720287	0.0
2006,720291	0.0
2006,720295	0.0
2006,720296	0.0
2006,720298	0.0
2006,720299	0.0
2006,720302	0.0
2006,720303	0.0
2006,720305	0.0
2006,720311	0.0
2006,720314	0.0
2006,720315	0.0
2006,720316	0.0
2006,720318	0.0
2006,720320	0.0
2006,720323	0.0
2006,722008	0.0
2006,722042	0.0
2006,722094	0.0
2006,722107	0.0
2006,722112	0.0
2006,722113	0.0
2006,722122	0.0
2006,722143	0.0
2006,722159	0.0
2006,722169	0.0
2006,722174	0.0
2006,722192	0.0
2006,722202	0.0
2006,722209	0.0
2006,722214	0.0
2006,722323	0.0
2006,722324	0.0
2006,722338	0.0
2006,722351	0.0
2006,722362	0.0
2006,722363	0.0
2006,722410	0.0
2006,722416	0.0
2006,722420	0.0
2006,722427	0.0
2006,722429	0.0
2006,722430	0.0
2006,722435	0.0
2006,722436	0.0
2006,722444	0.0
2006,722445	0.0
2006,722446	0.0
2006,722447	0.0
2006,722448	0.0
2006,722453	0.0
2006,722469	0.0
2006,722470	0.0
2006,722479	0.0
2006,722489	0.0
2006,722499	0.0
2006,722500	0.0
2006,722505	0.0
2006,722506	0.0
2006,722508	0.0
2006,722510	0.0
2006,722515	0.0
2006,722516	0.0
2006,722517	0.0
2006,722520	0.0
2006,722523	0.0
2006,722524	0.0
2006,722526	0.0
2006,722527	0.0
2006,722530	0.0
2006,722533	0.0
2006,722535	0.0
2006,722536	0.0
2006,722537	0.0
2006,722539	0.0
2006,722540	0.0
2006,722541	0.0
2006,722542	0.0
2006,722543	0.0
2006,722544	0.0
2006,722547	0.0
2006,722550	0.0
2006,722552	0.0
2006,722553	0.0
2006,722554	0.0
2006,722555	0.0
2006,722560	0.0
2006,722563	0.0
2006,722570	0.0
2006,722575	0.0
2006,722576	0.0
2006,722577	0.0
2006,722583	0.0
2006,722587	0.0
2006,722588	0.0
2006,722589	0.0
2006,722590	0.0
2006,722593	0.0
2006,722594	0.0
2006,722595	0.0
2006,722596	0.0
2006,722597	0.0
2006,722598	0.0
2006,722599	0.0
2006,722600	0.0
2006,722610	0.0
2006,722615	0.0
2006,722616	0.0
2006,722618	0.0
2006,722620	0.0
2006,722630	0.0
2006,722636	0.0
2006,722637	0.0
2006,722640	0.0
2006,722648	0.0
2006,722650	0.0
2006,722654	0.0
2006,722656	0.0
2006,722660	0.0
2006,722666	0.0
2006,722670	0.0
2006,722700	0.0
2006,723510	0.0
2006,723604	0.0
2006,723628	0.0
2006,723629	0.0
2006,723630	0.0
2006,723635	0.0
2006,723761	0.0
2006,724462	0.0
2006,747335	0.0
2006,747355	0.0
2006,747400	0.0
2006,994110	0.0
2006,994260	0.0
2006,997361	0.0
2006,997363	0.0
2006,997364	0.0
2006,997366	0.0
2006,997369	0.0
2006,997370	0.0
2006,997729	0.0
2006,999999	0.0
2007,690190	0.0
2007,720110	0.0
2007,720151	0.0
2007,720261	0.0
2007,720269	0.0
2007,720271	0.0
2007,720273	0.0
2007,720276	0.0
2007,720281	0.0
2007,720286	0.0
2007,720287	0.0
2007,720291	0.0
2007,720295	0.0
2007,720296	0.0
2007,720298	0.0
2007,720299	0.0
2007,720302	0.0
2007,720303	0.0
2007,720305	0.0
2007,720311	0.0
2007,720314	0.0
2007,720315	0.0
2007,720316	0.0
2007,720318	0.0
2007,720320	0.0
2007,720323	0.0
2007,720391	0.0
2007,720393	0.0
2007,720395	0.0
2007,720396	0.0
2007,720403	0.0
2007,720404	0.0
2007,722008	0.0
2007,722042	0.0
2007,722094	0.0
2007,722107	0.0
2007,722112	0.0
2007,722113	0.0
2007,722122	0.0
2007,722143	0.0
2007,722159	0.0
2007,722169	0.0
2007,722174	0.0
2007,722192	0.0
2007,722202	0.0
2007,722209	0.0
2007,722214	0.0
2007,722323	0.0
2007,722324	0.0
2007,722338	0.0
2007,722351	0.0
2007,722362	0.0
2007,722363	0.0
2007,722369	0.0
2007,722410	0.0
2007,722416	0.0
2007,722420	0.0
2007,722427	0.0
2007,722429	0.0
2007,722430	0.0
2007,722435	0.0
2007,722436	0.0
2007,722444	0.0
2007,722445	0.0
2007,722446	0.0
2007,722447	0.0
2007,722448	0.0
2007,722453	0.0
2007,722469	0.0
2007,722470	0.0
2007,722479	0.0
2007,722489	0.0
2007,722499	0.0
2007,722500	0.0
2007,722505	0.0
2007,722506	0.0
2007,722508	0.0
2007,722510	0.0
2007,722515	0.0
2007,722516	0.0
2007,722517	0.0
2007,722520	0.0
2007,722523	0.0
2007,722524	0.0
2007,722526	0.0
2007,722527	0.0
2007,722530	0.0
2007,722533	0.0
2007,722535	0.0
2007,722536	0.0
2007,722537	0.0
2007,722539	0.0
2007,722540	0.0
2007,722541	0.0
2007,722542	0.0
2007,722543	0.0
2007,722544	0.0
2007,722547	0.0
2007,722550	0.0
2007,722552	0.0
2007,722553	0.0
2007,722554	0.0
2007,722555	0.0
2007,722560	0.0
2007,722561	0.0
2007,722563	0.0
2007,722570	0.0
2007,722575	0.0
2007,722576	0.0
2007,722577	0.0
2007,722583	0.0
2007,722587	0.0
2007,722588	0.0
2007,722589	0.0
2007,722590	0.0
2007,722593	0.0
2007,722594	0.0
2007,722595	0.0
2007,722596	0.0
2007,722597	0.0
2007,722598	0.0
2007,722599	0.0
2007,722600	0.0
2007,722610	0.0
2007,722615	0.0
2007,722616	0.0
2007,722618	0.0
2007,722620	0.0
2007,722630	0.0
2007,722636	0.0
2007,722637	0.0
2007,722640	0.0
2007,722648	0.0
2007,722650	0.0
2007,722654	0.0
2007,722656	0.0
2007,722660	0.0
2007,722666	0.0
2007,722670	0.0
2007,722700	0.0
2007,723510	0.0
2007,723604	0.0
2007,723628	0.0
2007,723629	0.0
2007,723630	0.0
2007,723635	0.0
2007,723761	0.0
2007,724462	0.0
2007,747335	0.0
2007,747355	0.0
2007,747400	0.0
2007,994110	0.0
2007,994260	0.0
2007,997361	0.0
2007,997363	0.0
2007,997364	0.0
2007,997366	0.0
2007,997368	0.0
2007,997369	0.0
2007,997370	0.0
2007,997729	0.0
2007,998165	0.0
2007,999999	0.0
2008,690190	0.0
2008,720110	0.0
2008,720151	0.0
2008,720261	0.0
2008,720269	0.0
2008,720271	0.0
2008,720273	0.0
2008,720276	0.0
2008,720281	0.0
2008,720286	0.0
2008,720287	0.0
2008,720291	0.0
2008,720295	0.0
2008,720296	0.0
2008,720298	0.0
2008,720299	0.0
2008,720302	0.0
2008,720303	0.0
2008,720305	0.0
2008,720311	0.0
2008,720314	0.0
2008,720315	0.0
2008,720316	0.0
2008,720318	0.0
2008,720320	0.0
2008,720323	0.0
2008,720391	0.0
2008,720393	0.0
2008,720395	0.0
2008,720404	0.0
2008,720542	0.0
2008,720577	0.0
2008,720578	0.0
2008,720579	0.0
2008,720584	0.0
2008,720594	0.0
2008,722008	0.0
2008,722042	0.0
2008,722094	0.0
2008,722107	0.0
2008,722112	0.0
2008,722113	0.0
2008,722122	0.0
2008,722143	0.0
2008,722159	0.0
2008,722169	0.0
2008,722174	0.0
2008,722192	0.0
2008,722202	0.0
2008,722209	0.0
2008,722214	0.0
2008,722231	0.0
2008,722323	0.0
2008,722324	0.0
2008,722338	0.0
2008,722351	0.0
2008,722362	0.0
2008,722363	0.0
2008,722369	0.0
2008,722410	0.0
2008,722416	0.0
2008,722420	0.0
2008,722427	0.0
2008,722429	0.0
2008,722430	0.0
2008,722435	0.0
2008,722436	0.0
2008,722444	0.0
2008,722445	0.0
2008,722446	0.0
2008,722447	0.0
2008,722448	0.0
2008,722453	0.0
2008,722469	0.0
2008,722470	0.0
2008,722479	0.0
2008,722489	0.0
2008,722499	0.0
2008,722500	0.0
2008,722505	0.0
2008,722506	0.0
2008,722508	0.0
2008,722510	0.0
2008,722515	0.0
2008,722516	0.0
2008,722517	0.0
2008,722520	0.0
2008,722523	0.0
2008,722524	0.0
2008,722526	0.0
2008,722527	0.0
2008,722530	0.0
2008,722533	0.0
2008,722535	0.0
2008,722536	0.0
2008,722537	0.0
2008,722539	0.0
2008,722540	0.0
2008,722541	0.0
2008,722542	0.0
2008,722543	0.0
2008,722544	0.0
2008,722547	0.0
2008,722550	0.0
2008,722552	0.0
2008,722553	0.0
2008,722554	0.0
2008,722555	0.0
2008,722560	0.0
2008,722561	0.0
2008,722563	0.0
2008,722570	0.0
2008,722575	0.0
2008,722576	0.0
2008,722577	0.0
2008,722583	0.0
2008,722587	0.0
2008,722588	0.0
2008,722589	0.0
2008,722590	0.0
2008,722593	0.0
2008,722594	0.0
2008,722595	0.0
2008,722596	0.0
2008,722597	0.0
2008,722598	0.0
2008,722599	0.0
2008,722600	0.0
2008,722610	0.0
2008,722615	0.0
2008,722616	0.0
2008,722618	0.0
2008,722620	0.0
2008,722630	0.0
2008,722636	0.0
2008,722637	0.0
2008,722640	0.0
2008,722648	0.0
2008,722650	0.0
2008,722654	0.0
2008,722656	0.0
2008,722660	0.0
2008,722666	0.0
2008,722670	0.0
2008,722700	0.0
2008,723510	0.0
2008,723604	0.0
2008,723628	0.0
2008,723629	0.0
2008,723630	0.0
2008,723635	0.0
2008,723761	0.0
2008,724462	0.0
2008,747335	0.0
2008,747355	0.0
2008,747400	0.0
2008,994110	0.0
2008,994260	0.0
2008,997361	0.0
2008,997363	0.0
2008,997364	0.0
2008,997366	0.0
2008,997368	0.0
2008,997369	0.0
2008,997370	0.0
2008,997729	0.0
2008,998165	0.0
2008,998189	0.0
2008,998226	0.0
2008,999999	0.0
2009,690190	0.0
2009,720110	0.0
2009,720151	0.0
2009,720261	0.0
2009,720269	0.0
2009,720271	0.0
2009,720273	0.0
2009,720276	0.0
2009,720281	0.0
2009,720286	0.0
2009,720287	0.0
2009,720291	0.0
2009,720295	0.0
2009,720296	0.0
2009,720298	0.0
2009,720299	0.0
2009,720302	0.0
2009,720303	0.0
2009,720305	0.0
2009,720311	0.0
2009,720314	0.0
2009,720315	0.0
2009,720316	0.0
2009,720318	0.0
2009,720320	0.0
2009,720323	0.0
2009,720391	0.0
2009,720393	0.0
2009,720395	0.0
2009,720404	0.0
2009,720542	0.0
2009,720577	0.0
2009,720578	0.0
2009,720579	0.0
2009,720584	0.0
2009,720594	0.0
2009,720617	0.0
2009,720622	0.0
2009,720626	0.0
2009,720637	0.0
2009,720639	0.0
2009,720647	0.0
2009,720648	0.0
2009,720659	0.0
2009,720668	0.0
2009,720669	0.0
2009,722008	0.0
2009,722042	0.0
2009,722094	0.0
2009,722107	0.0
2009,722112	0.0
2009,722113	0.0
2009,722122	0.0
2009,722143	0.0
2009,722159	0.0
2009,722169	0.0
2009,722174	0.0
2009,722192	0.0
2009,722202	0.0
2009,722209	0.0
2009,722214	0.0
2009,722231	0.0
2009,722323	0.0
2009,722324	0.0
2009,722338	0.0
2009,722351	0.0
2009,722362	0.0
2009,722363	0.0
2009,722369	0.0
2009,722410	0.0
2009,722416	0.0
2009,722420	0.0
2009,722427	0.0
2009,722429	0.0
2009,722430	0.0
2009,722435	0.0
2009,722436	0.0
2009,722444	0.0
2009,722445	0.0
2009,722446	0.0
2009,722447	0.0
2009,722448	0.0
2009,722469	0.0
2009,722470	0.0
2009,722479	0.0
2009,722489	0.0
2009,722499	0.0
2009,722500	0.0
2009,722505	0.0
2009,722506	0.0
2009,722508	0.0
2009,722510	0.0
2009,722515	0.0
2009,722516	0.0
2009,722517	0.0
2009,722520	0.0
2009,722523	0.0
2009,722524	0.0
2009,722526	0.0
2009,722527	0.0
2009,722530	0.0
2009,722533	0.0
2009,722535	0.0
2009,722536	0.0
2009,722537	0.0
2009,722539	0.0
2009,722540	0.0
2009,722541	0.0
2009,722542	0.0
2009,722543	0.0
2009,722544	0.0
2009,722547	0.0
2009,722550	0.0
2009,722552	0.0
2009,722553	0.0
2009,722554	0.0
2009,722555	0.0
2009,722560	0.0
2009,722561	0.0
2009,722563	0.0
2009,722570	0.0
2009,722575	0.0
2009,722576	0.0
2009,722577	0.0
2009,722583	0.0
2009,722587	0.0
2009,722588	0.0
2009,722589	0.0
2009,722590	0.0
2009,722593	0.0
2009,722594	0.0
2009,722595	0.0
2009,722596	0.0
2009,722597	0.0
2009,722598	0.0
2009,722599	0.0
2009,722600	0.0
2009,722610	0.0
2009,722615	0.0
2009,722616	0.0
2009,722618	0.0
2009,722620	0.0
2009,722630	0.0
2009,722636	0.0
2009,722637	0.0
2009,722640	0.0
2009,722648	0.0
2009,722650	0.0
2009,722654	0.0
2009,722656	0.0
2009,722660	0.0
2009,722666	0.0
2009,722670	0.0
2009,722700	0.0
2009,723510	0.0
2009,723604	0.0
2009,723628	0.0
2009,723629	0.0
2009,723630	0.0
2009,723635	0.0
2009,723761	0.0
2009,724462	0.0
2009,725021	0.0
2009,747335	0.0
2009,747355	0.0
2009,747400	0.0
2009,994110	0.0
2009,994260	0.0
2009,997361	0.0
2009,997363	0.0
2009,997364	0.0
2009,997366	0.0
2009,997368	0.0
2009,997369	0.0
2009,998165	0.0
2009,998189	0.0
2009,998226	0.0
2009,999999	0.0
2010,690190	0.0
2010,720110	0.0
2010,720151	0.0
2010,720261	0.0
2010,720269	0.0
2010,720271	0.0
2010,720273	0.0
2010,720276	0.0
2010,720281	0.0
2010,720286	0.0
2010,720287	0.0
2010,720291	0.0
2010,720295	0.0
2010,720296	0.0
2010,720298	0.0
2010,720299	0.0
2010,720302	0.0
2010,720303	0.0
2010,720305	0.0
2010,720311	0.0
2010,720314	0.0
2010,720315	0.0
2010,720316	0.0
2010,720318	0.0
2010,720320	0.0
2010,720323	0.0
2010,720391	0.0
2010,720393	0.0
2010,720395	0.0
2010,720404	0.0
2010,720542	0.0
2010,720577	0.0
2010,720578	0.0
2010,720579	0.0
2010,720584	0.0
2010,720594	0.0
2010,720617	0.0
2010,720622	0.0
2010,720626	0.0
2010,720637	0.0
2010,720639	0.0
2010,720647	0.0
2010,720648	0.0
2010,720659	0.0
2010,720668	0.0
2010,720669	0.0
2010,720725	0.0
2010,720726	0.0
2010,720727	0.0
2010,720729	0.0
2010,720731	0.0
2010,720732	0.0
2010,720733	0.0
2010,720742	0.0
2010,720771	0.0
2010,720919	0.0
2010,720921	0.0
2010,722008	0.0
2010,722042	0.0
2010,722094	0.0
2010,722107	0.0
2010,722112	0.0
2010,722122	0.0
2010,722143	0.0
2010,722159	0.0
2010,722169	0.0
2010,722174	0.0
2010,722192	0.0
2010,722202	0.0
2010,722209	0.0
2010,722214	0.0
2010,722231	0.0
2010,722323	0.0
2010,722324	0.0
2010,722338	0.0
2010,722351	0.0
2010,722362	0.0
2010,722363	0.0
2010,722369	0.0
2010,722410	0.0
2010,722416	0.0
2010,722420	0.0
2010,722427	0.0
2010,722429	0.0
2010,722430	0.0
2010,722435	0.0
2010,722436	0.0
2010,722440	0.0
2010,722444	0.0
2010,722445	0.0
2010,722446	0.0
2010,722447	0.0
2010,722448	0.0
2010,722469	0.0
2010,722470	0.0
2010,722479	0.0
2010,722489	0.0
2010,722499	0.0
2010,722500	0.0
2010,722505	0.0
2010,722506	0.0
2010,722510	0.0
2010,722515	0.0
2010,722516	0.0
2010,722517	0.0
2010,722520	0.0
2010,722523	0.0
2010,722524	0.0
2010,722526	0.0
2010,722527	0.0
2010,722530	0.0
2010,722533	0.0
2010,722535	0.0
2010,722536	0.0
2010,722537	0.0
2010,722539	0.0
2010,722540	0.0
2010,722541	0.0
2010,722542	0.0
2010,722543	0.0
2010,722544	0.0
2010,722547	0.0
2010,722550	0.0
2010,722552	0.0
2010,722553	0.0
2010,722554	0.0
2010,722555	0.0
2010,722560	0.0
2010,722561	0.0
2010,722563	0.0
2010,722570	0.0
2010,722575	0.0
2010,722576	0.0
2010,722577	0.0
2010,722580	0.0
2010,722583	0.0
2010,722587	0.0
2010,722588	0.0
2010,722589	0.0
2010,722590	0.0
2010,722593	0.0
2010,722594	0.0
2010,722595	0.0
2010,722596	0.0
2010,722597	0.0
2010,722598	0.0
2010,722599	0.0
2010,722600	0.0
2010,722610	0.0
2010,722615	0.0
2010,722616	0.0
2010,722618	0.0
2010,722620	0.0
2010,722630	0.0
2010,722636	0.0
2010,722637	0.0
2010,722640	0.0
2010,722648	0.0
2010,722650	0.0
2010,722654	0.0
2010,722656	0.0
2010,722660	0.0
2010,722666	0.0
2010,722670	0.0
2010,722700	0.0
2010,722704	0.0
2010,723510	0.0
2010,723513	0.0
2010,723604	0.0
2010,723628	0.0
2010,723629	0.0
2010,723630	0.0
2010,723635	0.0
2010,723660	0.0
2010,723761	0.0
2010,724462	0.0
2010,725021	0.0
2010,747335	0.0
2010,747355	0.0
2010,747360	0.0
2010,747390	0.0
2010,747400	0.0
2010,747460	0.0
2010,994110	0.0
2010,994260	0.0
2010,997361	0.0
2010,997363	0.0
2010,997366	0.0
2010,997368	0.0
2010,997369	0.0
2010,997370	0.0
2010,998165	0.0
2010,998189	0.0
2010,998226	0.0
2010,999999	0.0
2011,690190	0.0
2011,720110	0.0
2011,720151	0.0
2011,720261	0.0
2011,720269	0.0
2011,720271	0.0
2011,720273	0.0
2011,720276	0.0
2011,720281	0.0
2011,720286	0.0
2011,720287	0.0
2011,720291	0.0
2011,720295	0.0
2011,720296	0.0
2011,720298	0.0
2011,720299	0.0
2011,720302	0.0
2011,720303	0.0
2011,720305	0.0
2011,720311	0.0
2011,720314	0.0
2011,720315	0.0
2011,720316	0.0
2011,720318	0.0
2011,720320	0.0
2011,720323	0.0
2011,720391	0.0
2011,720393	0.0
2011,720395	0.0
2011,720404	0.0
2011,720542	0.0
2011,720577	0.0
2011,720578	0.0
2011,720579	0.0
2011,720584	0.0
2011,720594	0.0
2011,720617	0.0
2011,720622	0.0
2011,720626	0.0
2011,720637	0.0
2011,720639	0.0
2011,720647	0.0
2011,720648	0.0
2011,720659	0.0
2011,720668	0.0
2011,720669	0.0
2011,720725	0.0
2011,720726	0.0
2011,720727	0.0
2011,720729	0.0
2011,720731	0.0
2011,720732	0.0
2011,720733	0.0
2011,720742	0.0
2011,720771	0.0
2011,720919	0.0
2011,720921	0.0
2011,720926	0.0
2011,720943	0.0
2011,720965	0.0
2011,722008	0.0
2011,722042	0.0
2011,722094	0.0
2011,722107	0.0
2011,722112	0.0
2011,722122	0.0
2011,722143	0.0
2011,722159	0.0
2011,722169	0.0
2011,722174	0.0
2011,722192	0.0
2011,722202	0.0
2011,722209	0.0
2011,722214	0.0
2011,722231	0.0
2011,722323	0.0
2011,722324	0.0
2011,722338	0.0
2011,722351	0.0
2011,722362	0.0
2011,722363	0.0
2011,722369	0.0
2011,722410	0.0
2011,722416	0.0
2011,722420	0.0
2011,722427	0.0
2011,722429	0.0
2011,722430	0.0
2011,722436	0.0
2011,722440	0.0
2011,722444	0.0
2011,722446	0.0
2011,722447	0.0
2011,722448	0.0
2011,722469	0.0
2011,722470	0.0
2011,722479	0.0
2011,722489	0.0
2011,722499	0.0
2011,722500	0.0
2011,722505	0.0
2011,722506	0.0
2011,722510	0.0
2011,722515	0.0
2011,722516	0.0
2011,722517	0.0
2011,722518	0.0
2011,722520	0.0
2011,722523	0.0
2011,722524	0.0
2011,722526	0.0
2011,722527	0.0
2011,722530	0.0
2011,722533	0.0
2011,722535	0.0
2011,722536	0.0
2011,722537	0.0
2011,722539	0.0
2011,722540	0.0
2011,722541	0.0
2011,722542	0.0
2011,722543	0.0
2011,722544	0.0
2011,722547	0.0
2011,722550	0.0
2011,722552	0.0
2011,722553	0.0
2011,722554	0.0
2011,722555	0.0
2011,722560	0.0
2011,722561	0.0
2011,722563	0.0
2011,722570	0.0
2011,722575	0.0
2011,722576	0.0
2011,722577	0.0
2011,722580	0.0
2011,722587	0.0
2011,722588	0.0
2011,722589	0.0
2011,722590	0.0
2011,722593	0.0
2011,722594	0.0
2011,722595	0.0
2011,722597	0.0
2011,722598	0.0
2011,722599	0.0
2011,722600	0.0
2011,722610	0.0
2011,722615	0.0
2011,722616	0.0
2011,722618	0.0
2011,722620	0.0
2011,722630	0.0
2011,722637	0.0
2011,722640	0.0
2011,722648	0.0
2011,722650	0.0
2011,722654	0.0
2011,722656	0.0
2011,722660	0.0
2011,722666	0.0
2011,722670	0.0
2011,722700	0.0
2011,722704	0.0
2011,723510	0.0
2011,723513	0.0
2011,723628	0.0
2011,723629	0.0
2011,723630	0.0
2011,723635	0.0
2011,723761	0.0
2011,724462	0.0
2011,725021	0.0
2011,747335	0.0
2011,747355	0.0
2011,747400	0.0
2011,994110	0.0
2011,994260	0.0
2011,994790	0.0
2011,997361	0.0
2011,997363	0.0
2011,997366	0.0
2011,997368	0.0
2011,997369	0.0
2011,997370	0.0
2011,997729	0.0
2011,998165	0.0
2011,998184	0.0
2011,998189	0.0
2011,998226	0.0
2011,998482	0.0
2011,999999	0.0
2012,690190	0.0
2012,720110	0.0
2012,720151	0.0
2012,720261	0.0
2012,720269	0.0
2012,720271	0.0
2012,720273	0.0
2012,720276	0.0
2012,720281	0.0
2012,720286	0.0
2012,720287	0.0
2012,720291	0.0
2012,720295	0.0
2012,720296	0.0
2012,720298	0.0
2012,720299	0.0
2012,720302	0.0
2012,720303	0.0
2012,720305	0.0
2012,720311	0.0
2012,720314	0.0
2012,720315	0.0
2012,720316	0.0
2012,720318	0.0
2012,720320	0.0
2012,720323	0.0
2012,720391	0.0
2012,720393	0.0
2012,720395	0.0
2012,720404	0.0
2012,720542	0.0
2012,720577	0.0
2012,720578	0.0
2012,720579	0.0
2012,720584	0.0
2012,720594	0.0
2012,720617	0.0
2012,720622	0.0
2012,720626	0.0
2012,720637	0.0
2012,720639	0.0
2012,720647	0.0
2012,720648	0.0
2012,720659	0.0
2012,720668	0.0
2012,720669	0.0
2012,720725	0.0
2012,720726	0.0
2012,720727	0.0
2012,720731	0.0
2012,720732	0.0
2012,720733	0.0
2012,720742	0.0
2012,720771	0.0
2012,720919	0.0
2012,720921	0.0
2012,720926	0.0
2012,720943	0.0
2012,720965	0.0
2012,721032	0.0
2012,721034	0.0
2012,721043	0.0
2012,721044	0.0
2012,722008	0.0
2012,722042	0.0
2012,722094	0.0
2012,722107	0.0
2012,722112	0.0
2012,722122	0.0
2012,722143	0.0
2012,722159	0.0
2012,722169	0.0
2012,722174	0.0
2012,722192	0.0
2012,722202	0.0
2012,722209	0.0
2012,722214	0.0
2012,722231	0.0
2012,722323	0.0
2012,722324	0.0
2012,722338	0.0
2012,722351	0.0
2012,722362	0.0
2012,722363	0.0
2012,722369	0.0
2012,722410	0.0
2012,722416	0.0
2012,722420	0.0
2012,722427	0.0
2012,722429	0.0
2012,722430	0.0
2012,722436	0.0
2012,722440	0.0
2012,722444	0.0
2012,722446	0.0
2012,722447	0.0
2012,722448	0.0
2012,722469	0.0
2012,722470	0.0
2012,722479	0.0
2012,722489	0.0
2012,722499	0.0
2012,722500	0.0
2012,722505	0.0
2012,722506	0.0
2012,722510	0.0
2012,722515	0.0
2012,722516	0.0
2012,722517	0.0
2012,722518	0.0
2012,722520	0.0
2012,722523	0.0
2012,722524	0.0
2012,722526	0.0
2012,722527	0.0
2012,722530	0.0
2012,722533	0.0
2012,722535	0.0
2012,722536	0.0
2012,722537	0.0
2012,722539	0.0
2012,722540	0.0
2012,722541	0.0
2012,722542	0.0
2012,722543	0.0
2012,722544	0.0
2012,722547	0.0
2012,722550	0.0
2012,722552	0.0
2012,722553	0.0
2012,722554	0.0
2012,722555	0.0
2012,722560	0.0
2012,722561	0.0
2012,722563	0.0
2012,722570	0.0
2012,722575	0.0
2012,722576	0.0
2012,722577	0.0
2012,722580	0.0
2012,722587	0.0
2012,722588	0.0
2012,722589	0.0
2012,722590	0.0
2012,722593	0.0
2012,722594	0.0
2012,722595	0.0
2012,722597	0.0
2012,722598	0.0
2012,722599	0.0
2012,722600	0.0
2012,722610	0.0
2012,722615	0.0
2012,722616	0.0
2012,722618	0.0
2012,722620	0.0
2012,722630	0.0
2012,722637	0.0
2012,722640	0.0
2012,722648	0.0
2012,722650	0.0
2012,722654	0.0
2012,722656	0.0
2012,722660	0.0
2012,722666	0.0
2012,722670	0.0
2012,722700	0.0
2012,722704	0.0
2012,723510	0.0
2012,723513	0.0
2012,723628	0.0
2012,723629	0.0
2012,723630	0.0
2012,723635	0.0
2012,723761	0.0
2012,724462	0.0
2012,725021	0.0
2012,747335	0.0
2012,747355	0.0
2012,747400	0.0
2012,994110	0.0
2012,994260	0.0
2012,994790	0.0
2012,997361	0.0
2012,997366	0.0
2012,997368	0.0
2012,997369	0.0
2012,997370	0.0
2012,997729	0.0
2012,998165	0.0
2012,998174	0.0
2012,998182	0.0
2012,998184	0.0
2012,998189	0.0
2012,998226	0.0
2012,998481	0.0
2012,998482	0.0
2012,998483	0.0
2012,998484	0.0
2012,998487	0.0
2012,998490	0.0
2012,999999	0.0
2013,690190	0.0
2013,720110	0.0
2013,720151	0.0
2013,720261	0.0
2013,720269	0.0
2013,720271	0.0
2013,720273	0.0
2013,720276	0.0
2013,720281	0.0
2013,720286	0.0
2013,720287	0.0
2013,720291	0.0
2013,720295	0.0
2013,720296	0.0
2013,720298	0.0
2013,720299	0.0
2013,720302	0.0
2013,720303	0.0
2013,720305	0.0
2013,720311	0.0
2013,720314	0.0
2013,720315	0.0
2013,720316	0.0
2013,720318	0.0
2013,720320	0.0
2013,720323	0.0
2013,720391	0.0
2013,720393	0.0
2013,720395	0.0
2013,720404	0.0
2013,720542	0.0
2013,720577	0.0
2013,720578	0.0
2013,720579	0.0
2013,720584	0.0
2013,720594	0.0
2013,720617	0.0
2013,720622	0.0
2013,720626	0.0
2013,720637	0.0
2013,720639	0.0
2013,720647	0.0
2013,720648	0.0
2013,720659	0.0
2013,720725	0.0
2013,720726	0.0
2013,720727	0.0
2013,720732	0.0
2013,720733	0.0
2013,720742	0.0
2013,720771	0.0
2013,720919	0.0
2013,720921	0.0
2013,720926	0.0
2013,720943	0.0
2013,720965	0.0
2013,721032	0.0
2013,721034	0.0
2013,721043	0.0
2013,721044	0.0
2013,722008	0.0
2013,722042	0.0
2013,722094	0.0
2013,722107	0.0
2013,722112	0.0
2013,722122	0.0
2013,722143	0.0
2013,722159	0.0
2013,722169	0.0
2013,722174	0.0
2013,722192	0.0
2013,722202	0.0
2013,722209	0.0
2013,722214	0.0
2013,722231	0.0
2013,722323	0.0
2013,722324	0.0
2013,722338	0.0
2013,722351	0.0
2013,722362	0.0
2013,722363	0.0
2013,722369	0.0
2013,722410	0.0
2013,722416	0.0
2013,722420	0.0
2013,722427	0.0
2013,722429	0.0
2013,722430	0.0
2013,722436	0.0
2013,722440	0.0
2013,722444	0.0
2013,722446	0.0
2013,722447	0.0
2013,722448	0.0
2013,722469	0.0
2013,722470	0.0
2013,722479	0.0
2013,722489	0.0
2013,722499	0.0
2013,722500	0.0
2013,722505	0.0
2013,722506	0.0
2013,722510	0.0
2013,722515	0.0
2013,722516	0.0
2013,722517	0.0
2013,722518	0.0
2013,722520	0.0
2013,722523	0.0
2013,722524	0.0
2013,722526	0.0
2013,722527	0.0
2013,722530	0.0
2013,722533	0.0
2013,722535	0.0
2013,722536	0.0
2013,722537	0.0
2013,722539	0.0
2013,722540	0.0
2013,722541	0.0
2013,722542	0.0
2013,722543	0.0
2013,722544	0.0
2013,722547	0.0
2013,722550	0.0
2013,722552	0.0
2013,722553	0.0
2013,722554	0.0
2013,722555	0.0
2013,722560	0.0
2013,722561	0.0
2013,722563	0.0
2013,722570	0.0
2013,722575	0.0
2013,722576	0.0
2013,722577	0.0
2013,722580	0.0
2013,722587	0.0
2013,722588	0.0
2013,722589	0.0
2013,722590	0.0
2013,722593	0.0
2013,722594	0.0
2013,722595	0.0
2013,722597	0.0
2013,722598	0.0
2013,722599	0.0
2013,722600	0.0
2013,722610	0.0
2013,722615	0.0
2013,722616	0.0
2013,722618	0.0
2013,722620	0.0
2013,722630	0.0
2013,722637	0.0
2013,722640	0.0
2013,722648	0.0
2013,722650	0.0
2013,722654	0.0
2013,722656	0.0
2013,722660	0.0
2013,722666	0.0
2013,722670	0.0
2013,722700	0.0
2013,722704	0.0
2013,723510	0.0
2013,723513	0.0
2013,723628	0.0
2013,723629	0.0
2013,723630	0.0
2013,723635	0.0
2013,723761	0.0
2013,724462	0.0
2013,725021	0.0
2013,747335	0.0
2013,747355	0.0
2013,747400	0.0
2013,994110	0.0
2013,994260	0.0
2013,994790	0.0
2013,997361	0.0
2013,997366	0.0
2013,997368	0.0
2013,997369	0.0
2013,997370	0.0
2013,997729	0.0
2013,998165	0.0
2013,998174	0.0
2013,998182	0.0
2013,998184	0.0
2013,998189	0.0
2013,998226	0.0
2013,998481	0.0
2013,998482	0.0
2013,998483	0.0
2013,998484	0.0
2013,998487	0.0
2013,998490	0.0
2013,999999	0.0
