690190	-2.7
690290	49.8
690300	47.8
720110	10.4
720150	57.2
720151	1.9
720261	7.7
720269	23.0
720271	6.8
720273	21.2
720276	23.0
720281	3.7
720286	10.0
720287	10.0
720291	8.6
720295	11.1
720296	17.6
720298	14.5
720299	11.5
720302	10.4
720303	12.7
720305	10.4
720311	12.2
720314	11.3
720315	-6.9
720316	19.4
720318	7.2
720320	12.2
720323	9.3
720391	21.2
720393	-10.3
720395	14.7
720396	64.4
720403	68.0
720404	8.6
720542	17.6
720577	11.3
720578	11.8
720579	15.6
720584	17.6
720594	19.4
720617	17.6
720622	6.8
720626	-4.0
720637	19.4
720639	12.2
720647	14.0
720648	17.6
720659	8.6
720668	39.2
720669	42.8
720725	30.2
720726	39.2
720727	39.2
720729	26.6
720731	32.0
720732	30.2
720733	17.6
720742	24.8
720771	10.4
720919	35.6
720921	32.0
720926	26.6
720943	23.0
720965	18.5
721032	17.6
721034	26.6
721043	21.2
721044	21.2
722008	28.4
722042	15.8
722094	-15.9
722102	64.4
722107	3.2
722112	15.8
722113	21.2
722122	6.8
722143	10.4
722159	25.3
722169	1.4
722174	-2.2
722192	6.8
722202	15.6
722209	20.8
722214	-7.2
722231	12.2
722323	12.2
722324	8.6
722337	36.0
722338	21.2
722351	22.1
722362	14.0
722363	8.6
722369	24.8
722410	12.0
722413	25.2
722414	41.0
722415	22.1
722416	14.0
722420	14.0
722422	1.2
722423	17.1
722426	37.0
722427	21.9
722429	6.3
722430	7.0
722433	19.2
722435	9.1
722436	12.2
722437	13.1
722439	35.1
722440	23.0
722444	15.1
722445	0.0
722446	3.0
722447	1.2
722448	-0.8
722453	30.2
722469	0.0
722470	10.9
722479	12.0
722489	10.0
722499	10.9
722500	16.0
722505	10.0
722506	18.0
722508	30.0
722510	12.9
722515	15.1
722516	14.9
722517	12.0
722518	21.2
722519	26.1
722520	15.3
722523	17.1
722524	21.9
722525	18.0
722526	0.1
722527	19.0
722530	6.1
722533	8.1
722535	9.0
722536	8.2
722537	0.1
722539	14.0
722540	3.9
722541	6.1
722542	12.2
722543	16.0
722544	17.1
722545	6.3
722546	16.0
722547	10.4
722550	9.0
722552	8.6
722553	15.8
722554	17.6
722555	10.0
722556	10.9
722557	23.2
722560	-4.0
722561	12.2
722563	8.6
722570	8.2
722572	15.3
722575	12.2
722576	-0.8
722577	2.1
722580	5.0
722581	1.0
722583	10.0
722585	0.0
722586	4.5
722587	3.2
722588	4.1
722589	6.8
722590	-0.9
722593	8.6
722594	5.9
722595	0.1
722596	-5.3
722597	-8.1
722598	-0.8
722599	-2.7
722600	-8.1
722610	10.0
722615	8.4
722616	10.9
722618	6.1
722620	-2.9
722626	-0.8
722630	-5.1
722635	8.2
722636	-14.1
722637	-17.5
722640	-2.0
722648	6.1
722650	-11.4
722654	6.1
722655	-7.1
722656	-5.8
722657	1.0
722658	25.2
722660	-7.1
722665	-4.0
722666	3.0
722670	-15.7
722673	5.2
722675	-9.0
722700	-7.1
722704	6.8
722707	1.0
723510	-8.0
723513	3.2
723601	0.0
723604	-5.3
723628	10.4
723629	21.2
723630	-13.7
723635	-2.0
723660	44.1
723761	14.0
724462	14.0
725021	16.3
726388	-15.9
747300	0.1
747335	8.6
747355	12.2
747360	39.0
747390	46.0
747400	0.1
747460	46.9
749016	30.4
749017	33.4
749018	16.3
749019	15.4
749056	19.4
749058	12.4
749091	20.3
994037	84.2
994110	12.9
994260	10.6
994510	40.3
994730	42.8
994790	35.8
997361	23.0
997363	24.6
997364	32.5
997366	26.2
997368	24.8
997369	27.5
997370	23.0
997729	33.1
998165	24.6
998174	34.9
998182	38.1
998184	36.7
998189	23.2
998226	25.0
998481	35.8
998482	34.9
998483	42.6
998484	34.9
998487	35.1
998490	33.3
999999	-18.9
