1950,722423	24.1
1950,722436	18.3
1950,722448	14.4
1950,722500	30.0
1950,722510	25.0
1950,722517	23.0
1950,722525	30.0
1950,722530	14.0
1950,722535	17.1
1950,722536	20.3
1950,722545	17.4
1950,722555	18.0
1950,722560	13.5
1950,722575	22.5
1950,722576	14.4
1950,722580	12.0
1950,722585	9.3
1950,722586	9.3
1950,722595	10.9
1950,722596	12.0
1950,722597	10.0
1950,722610	25.0
1950,722630	12.9
1950,722650	10.0
1950,722656	9.0
1950,722657	9.0
1950,722660	10.0
1950,722670	1.4
1950,722675	3.0
1950,722700	18.0
1950,723510	8.4
1950,723601	8.1
1950,723630	-0.6
1950,749058	20.3
1950,999999	-5.1
1951,722423	18.0
1951,722436	15.4
1951,722448	2.5
1951,722500	21.9
1951,722510	18.0
1951,722517	15.1
1951,722525	18.0
1951,722530	7.0
1951,722535	9.0
1951,722536	12.4
1951,722545	8.4
1951,722555	14.0
1951,722560	6.1
1951,722576	9.3
1951,722580	8.1
1951,722585	7.3
1951,722586	7.3
1951,722595	5.0
1951,722596	7.0
1951,722597	3.9
1951,722610	12.4
1951,722630	1.9
1951,722650	0.0
1951,722656	-0.9
1951,722657	1.0
1951,722660	1.0
1951,722670	-6.7
1951,722675	-6.0
1951,722700	12.0
1951,723510	1.4
1951,723601	0.0
1951,723630	-13.7
1951,749056	19.4
1951,749058	12.4
1951,749091	21.4
1951,999999	-18.9
1952,722423	34.0
1952,722436	26.4
1952,722448	24.4
1952,722500	37.9
1952,722505	39.0
1952,722510	34.0
1952,722517	30.0
1952,722525	36.0
1952,722530	26.1
1952,722535	28.9
1952,722536	29.3
1952,722545	24.4
1952,722555	28.0
1952,722560	23.0
1952,722575	30.4
1952,722576	24.4
1952,722577	31.3
1952,722580	25.0
1952,722585	25.0
1952,722586	23.4
1952,722595	25.0
1952,722596	26.1
1952,722597	19.9
1952,722610	30.0
1952,722630	23.0
1952,722650	21.0
1952,722656	17.1
1952,722657	19.9
1952,722660	21.9
1952,722666	28.4
1952,722670	10.9
1952,722675	14.0
1952,722700	19.9
1952,723510	22.5
1952,723601	16.0
1952,723630	6.4
1952,749016	30.4
1952,749017	33.4
1952,749056	25.3
1952,749058	30.4
1952,749091	25.3
1952,999999	-0.9
1953,722423	30.0
1953,722436	27.3
1953,722448	18.3
1953,722500	32.0
1953,722505	34.0
1953,722510	28.9
1953,722517	25.0
1953,722525	26.1
1953,722530	24.1
1953,722535	24.1
1953,722536	25.3
1953,722545	25.3
1953,722550	26.1
1953,722555	27.0
1953,722560	21.0
1953,722576	21.4
1953,722580	17.1
1953,722586	17.4
1953,722595	19.0
1953,722596	19.0
1953,722597	12.9
1953,722610	18.0
1953,722615	22.5
1953,722630	9.0
1953,722650	9.0
1953,722655	12.0
1953,722656	7.0
1953,722657	19.0
1953,722660	12.0
1953,722670	3.9
1953,722675	7.0
1953,722700	7.0
1953,723510	15.4
1953,723601	12.0
1953,723630	7.0
1953,749056	23.4
1953,749058	27.3
1953,749091	23.4
1953,999999	0.0
1954,722423	28.0
1954,722436	26.4
1954,722448	14.4
1954,722500	35.1
1954,722505	35.1
1954,722510	30.0
1954,722517	28.0
1954,722525	33.1
1954,722530	28.0
1954,722533	33.4
1954,722535	30.0
1954,722536	29.3
1954,722545	24.4
1954,722550	25.0
1954,722555	24.1
1954,722560	18.3
1954,722576	19.4
1954,722580	12.9
1954,722586	10.4
1954,722595	16.0
1954,722597	16.0
1954,722610	26.1
1954,722615	27.3
1954,722630	19.0
1954,722650	18.0
1954,722655	15.1
1954,722656	15.1
1954,722660	15.1
1954,722670	3.4
1954,722675	4.1
1954,722700	16.0
1954,723510	12.4
1954,723601	10.0
1954,723630	4.3
1954,749056	24.4
1954,749058	29.3
1954,749091	20.3
1954,999999	5.0
1955,722423	28.9
1955,722436	26.4
1955,722500	36.0
1955,722505	35.1
1955,722510	32.0
1955,722517	55.9
1955,722525	32.0
1955,722530	23.0
1955,722533	24.4
1955,722535	26.1
1955,722536	27.3
1955,722545	22.5
1955,722550	28.0
1955,722555	26.1
1955,722560	19.9
1955,722576	23.4
1955,722580	17.1
1955,722586	15.4
1955,722595	19.9
1955,722597	18.0
1955,722610	21.9
1955,722615	24.4
1955,722630	19.9
1955,722650	12.9
1955,722655	19.9
1955,722656	44.1
1955,722660	19.0
1955,722670	6.4
1955,722675	10.9
1955,722700	21.0
1955,723510	17.4
1955,723601	43.0
1955,723630	4.3
1955,749056	22.5
1955,749058	27.3
1955,749091	22.5
1955,999999	15.1
1956,690190	21.9
1956,722423	35.1
1956,722436	31.3
1956,722500	35.1
1956,722505	35.1
1956,722510	32.0
1956,722525	30.0
1956,722530	25.0
1956,722533	26.4
1956,722535	26.1
1956,722536	26.4
1956,722545	25.3
1956,722550	30.0
1956,722560	21.9
1956,722576	25.3
1956,722580	16.0
1956,722586	12.4
1956,722595	16.0
1956,722597	1.0
1956,722610	24.1
1956,722615	24.4
1956,722630	12.9
1956,722650	10.0
1956,722655	10.0
1956,722660	14.0
1956,722670	3.9
1956,722675	5.0
1956,722700	10.0
1956,723510	13.5
1956,723630	3.4
1956,749056	25.3
1956,749058	28.4
1956,749091	28.4
1956,999999	9.0
1957,690190	15.1
1957,722423	28.9
1957,722436	25.3
1957,722500	34.0
1957,722505	35.1
1957,722510	30.0
1957,722525	30.9
1957,722530	18.0
1957,722533	19.4
1957,722535	24.1
1957,722536	26.4
1957,722545	23.4
1957,722550	28.0
1957,722560	19.0
1957,722576	20.3
1957,722580	17.1
1957,722586	15.4
1957,722595	19.0
1957,722597	15.1
1957,722610	28.0
1957,722615	24.4
1957,722630	16.0
1957,722650	15.1
1957,722655	15.1
1957,722660	14.0
1957,722670	-0.6
1957,722675	1.0
1957,722700	18.0
1957,723510	16.3
1957,723630	3.4
1957,749058	24.4
1957,749091	21.4
1957,999999	10.9
1958,690190	12.9
1958,722423	30.9
1958,722436	26.4
1958,722500	36.0
1958,722505	32.0
1958,722510	27.0
1958,722525	30.0
1958,722530	21.9
1958,722533	22.5
1958,722535	25.0
1958,722536	25.3
1958,722545	24.4
1958,722550	26.1
1958,722560	19.0
1958,722576	19.4
1958,722580	17.1
1958,722586	11.3
1958,722595	19.0
1958,722597	15.1
1958,722615	24.4
1958,722630	15.1
1958,722650	17.1
1958,722655	18.0
1958,722660	10.9
1958,722670	9.3
1958,722675	9.0
1958,722700	17.1
1958,723510	11.3
1958,723630	9.3
1958,749058	25.3
1958,749091	23.4
1958,999999	15.1
1959,690190	3.9
1959,722423	28.0
1959,722436	24.4
1959,722500	30.9
1959,722505	30.9
1959,722510	26.1
1959,722525	30.0
1959,722530	19.9
1959,722535	21.0
1959,722536	20.3
1959,722545	16.3
1959,722560	12.0
1959,722576	11.3
1959,722580	9.0
1959,722586	7.3
1959,722595	9.0
1959,722597	6.1
1959,722615	21.4
1959,722630	9.0
1959,722650	9.0
1959,722655	6.1
1959,722660	5.0
1959,722670	0.0
1959,722675	0.0
1959,722700	19.0
1959,723510	4.5
1959,723630	-10.7
1959,749058	21.4
1959,999999	8.1
1960,690190	10.0
1960,722423	27.0
1960,722436	27.3
1960,722500	30.0
1960,722505	30.0
1960,722510	28.0
1960,722525	26.1
1960,722530	23.0
1960,722535	21.9
1960,722536	22.5
1960,722545	24.4
1960,722560	19.9
1960,722570	24.4
1960,722576	19.4
1960,722580	16.0
1960,722586	15.4
1960,722595	18.0
1960,722597	12.9
1960,722615	22.5
1960,722630	12.0
1960,722650	12.0
1960,722655	12.0
1960,722660	10.0
1960,722670	-8.0
1960,722675	-4.9
1960,722700	19.0
1960,723510	10.4
1960,723630	-3.6
1960,749058	24.4
1960,999999	12.0
1961,690190	12.9
1961,722423	30.9
1961,722436	27.3
1961,722500	35.1
1961,722505	32.0
1961,722510	30.0
1961,722525	30.0
1961,722530	27.0
1961,722535	25.0
1961,722536	23.4
1961,722545	26.4
1961,722550	28.9
1961,722560	18.0
1961,722570	21.4
1961,722576	22.5
1961,722580	16.0
1961,722586	14.4
1961,722595	12.0
1961,722597	8.1
1961,722615	25.3
1961,722630	17.1
1961,722650	15.1
1961,722655	9.0
1961,722660	10.9
1961,722670	6.1
1961,722675	8.1
1961,722700	21.0
1961,723510	12.4
1961,723630	-2.9
1961,999999	12.0
1962,690190	5.0
1962,722423	17.1
1962,722436	16.3
1962,722500	19.9
1962,722505	17.1
1962,722510	16.0
1962,722525	19.0
1962,722530	10.9
1962,722535	10.0
1962,722536	8.4
1962,722545	12.4
1962,722550	16.0
1962,722560	11.3
1962,722570	12.4
1962,722580	8.1
1962,722586	4.5
1962,722595	8.1
1962,722597	9.0
1962,722615	8.4
1962,722630	8.1
1962,722650	-6.0
1962,722655	-7.1
1962,722660	7.0
1962,722670	-3.6
1962,722675	-2.9
1962,722700	-7.1
1962,723510	-0.6
1962,723630	-8.0
1962,999999	-9.0
1963,690190	5.0
1963,722423	19.0
1963,722436	16.3
1963,722500	26.1
1963,722510	19.0
1963,722525	21.9
1963,722530	16.0
1963,722535	16.0
1963,722536	14.4
1963,722545	14.4
1963,722550	17.1
1963,722560	10.4
1963,722570	10.4
1963,722576	20.3
1963,722580	10.0
1963,722586	5.4
1963,722595	9.0
1963,722597	7.0
1963,722610	26.1
1963,722615	13.5
1963,722630	7.0
1963,722650	5.0
1963,722655	5.0
1963,722660	7.0
1963,722670	-15.7
1963,722675	-9.0
1963,722700	10.9
1963,723510	7.3
1963,723630	-9.0
1963,749018	22.5
1963,999999	5.0
1964,690190	10.9
1964,722436	20.3
1964,722500	32.0
1964,722510	28.0
1964,722525	28.0
1964,722530	17.1
1964,722535	14.0
1964,722536	12.4
1964,722545	11.3
1964,722550	21.9
1964,722560	8.1
1964,722570	15.4
1964,722576	16.3
1964,722580	12.9
1964,722586	9.3
1964,722595	10.9
1964,722597	9.0
1964,722610	21.0
1964,722615	20.3
1964,722630	14.0
1964,722650	8.1
1964,722655	10.9
1964,722660	12.0
1964,722670	1.0
1964,722675	1.0
1964,722700	10.9
1964,723510	8.4
1964,723630	0.3
1964,749018	26.4
1964,999999	6.1
1965,690190	15.1
1965,722436	23.4
1965,722500	36.0
1965,722510	32.0
1965,722520	32.0
1965,722525	35.1
1965,722530	24.1
1965,722535	25.0
1965,722536	23.4
1965,722545	24.4
1965,722550	26.1
1965,722560	19.4
1965,722570	18.3
1965,722576	18.3
1965,722580	18.0
1965,722586	15.4
1965,722595	19.0
1965,722597	18.0
1965,722610	27.0
1965,722615	25.3
1965,722630	18.0
1965,722650	15.1
1965,722655	16.0
1965,722660	16.0
1965,722675	6.1
1965,722700	14.4
1965,723630	5.0
1965,749018	22.5
1965,999999	9.0
1966,690190	7.0
1966,722436	20.3
1966,722500	33.1
1966,722510	26.1
1966,722520	27.3
1966,722530	18.0
1966,722535	19.0
1966,722536	16.3
1966,722545	17.4
1966,722550	21.0
1966,722560	12.4
1966,722570	13.5
1966,722576	16.3
1966,722580	10.9
1966,722586	8.4
1966,722595	10.0
1966,722597	17.4
1966,722610	23.0
1966,722615	19.4
1966,722630	12.0
1966,722650	3.0
1966,722655	6.1
1966,722660	8.1
1966,722675	-2.9
1966,722700	17.1
1966,723630	-5.1
1966,749018	16.3
1966,999999	-2.9
1967,690190	10.9
1967,722436	28.4
1967,722500	34.0
1967,722510	26.1
1967,722520	30.4
1967,722530	21.0
1967,722535	23.0
1967,722536	23.4
1967,722545	19.4
1967,722550	27.0
1967,722560	19.4
1967,722570	22.5
1967,722576	25.3
1967,722580	24.1
1967,722586	18.3
1967,722595	19.9
1967,722597	18.3
1967,722610	26.1
1967,722615	22.5
1967,722630	17.1
1967,722650	9.0
1967,722655	10.9
1967,722660	15.1
1967,722675	8.1
1967,723630	8.1
1967,749018	27.3
1967,999999	3.9
1968,690190	10.9
1968,722436	25.3
1968,722500	33.1
1968,722510	28.0
1968,722520	28.4
1968,722530	24.1
1968,722535	25.0
1968,722536	25.3
1968,722545	22.5
1968,722550	28.0
1968,722560	16.3
1968,722570	20.3
1968,722576	22.5
1968,722580	12.9
1968,722586	7.3
1968,722595	12.0
1968,722597	13.5
1968,722610	27.0
1968,722615	25.3
1968,722630	18.0
1968,722650	16.0
1968,722655	15.1
1968,722660	12.0
1968,722675	10.9
1968,723630	3.0
1968,749018	20.3
1968,749019	24.4
1968,999999	7.0
1969,690190	18.0
1969,722436	24.4
1969,722500	34.0
1969,722510	28.9
1969,722520	29.3
1969,722530	19.0
1969,722535	23.0
1969,722536	19.4
1969,722545	19.9
1969,722550	26.1
1969,722570	22.5
1969,722576	25.3
1969,722580	21.0
1969,722586	17.4
1969,722595	19.0
1969,722597	21.4
1969,722610	28.9
1969,722615	24.4
1969,722630	23.0
1969,722650	21.0
1969,722655	17.1
1969,722660	19.0
1969,722675	10.0
1969,723630	9.0
1969,749018	25.3
1969,749019	19.4
1969,999999	12.0
1970,690190	14.0
1970,722436	20.3
1970,722500	32.0
1970,722510	27.0
1970,722520	27.3
1970,722530	17.1
1970,722535	17.1
1970,722536	13.5
1970,722545	18.3
1970,722550	19.9
1970,722570	16.3
1970,722576	22.5
1970,722580	17.1
1970,722586	12.4
1970,722595	16.0
1970,722597	12.4
1970,722610	19.9
1970,722615	17.4
1970,722630	12.0
1970,722650	12.0
1970,722655	10.9
1970,722660	12.0
1970,722675	9.0
1970,723630	3.0
1970,749019	15.4
1970,999999	9.0
1971,722436	27.0
1971,722500	35.1
1971,722510	30.0
1971,722520	29.3
1971,722530	24.1
1971,722535	21.0
1971,722545	24.1
1971,722550	23.0
1971,722570	19.4
1971,722576	46.4
1971,722580	16.0
1971,722586	13.5
1971,722595	15.1
1971,722597	29.3
1971,722610	24.1
1971,722630	14.0
1971,722650	3.0
1971,722655	10.4
1971,722660	9.0
1971,723630	-2.0
1971,749019	32.4
1971,999999	0.0
1972,722436	23.0
1972,722500	35.1
1972,722510	30.9
1972,722530	19.0
1972,722535	19.0
1972,722545	19.0
1972,722550	25.0
1972,722580	16.0
1972,722595	12.9
1972,722610	21.9
1972,722630	12.9
1972,722650	5.0
1972,722660	10.0
1972,722700	12.0
1972,723630	0.0
1972,999999	3.9
1973,722410	19.9
1973,722420	28.4
1973,722422	21.0
1973,722430	21.0
1973,722435	21.0
1973,722436	21.0
1973,722445	7.9
1973,722446	13.1
1973,722447	16.2
1973,722448	13.1
1973,722500	26.1
1973,722505	10.0
1973,722506	23.9
1973,722510	18.0
1973,722515	28.9
1973,722516	21.9
1973,722517	20.1
1973,722518	72.0
1973,722520	24.1
1973,722525	22.1
1973,722526	18.1
1973,722530	18.1
1973,722535	17.1
1973,722536	20.1
1973,722537	34.0
1973,722540	19.0
1973,722545	15.1
1973,722550	21.0
1973,722555	21.9
1973,722556	19.0
1973,722560	5.0
1973,722572	21.2
1973,722576	10.0
1973,722577	7.2
1973,722580	15.1
1973,722585	5.0
1973,722587	28.0
1973,722590	10.0
1973,722595	7.2
1973,722596	12.0
1973,722597	6.1
1973,722610	21.9
1973,722615	18.1
1973,722626	6.1
1973,722630	10.0
1973,722635	29.8
1973,722636	1.9
1973,722650	12.0
1973,722655	11.1
1973,722656	5.9
1973,722657	12.0
1973,722660	5.0
1973,722665	-4.0
1973,722666	3.0
1973,722670	1.0
1973,722675	7.2
1973,722700	10.0
1973,722707	1.0
1973,723510	10.0
1973,723601	1.0
1973,723630	1.9
1973,999999	33.1
1974,722410	27.0
1974,722420	33.8
1974,722422	1.2
1974,722430	26.1
1974,722435	30.9
1974,722436	28.2
1974,722445	21.9
1974,722446	23.0
1974,722447	20.8
1974,722448	17.1
1974,722500	33.1
1974,722505	34.0
1974,722506	30.0
1974,722510	28.0
1974,722515	36.0
1974,722516	27.0
1974,722517	28.2
1974,722525	32.0
1974,722526	26.2
1974,722530	21.9
1974,722535	25.0
1974,722536	23.2
1974,722540	21.9
1974,722545	26.1
1974,722550	23.0
1974,722555	25.9
1974,722556	23.0
1974,722560	19.0
1974,722572	22.1
1974,722576	21.0
1974,722577	23.0
1974,722580	17.1
1974,722585	16.0
1974,722587	25.2
1974,722590	10.4
1974,722595	14.0
1974,722596	13.1
1974,722597	15.1
1974,722598	30.0
1974,722610	23.0
1974,722615	24.1
1974,722626	3.0
1974,722630	12.9
1974,722635	17.2
1974,722636	-8.1
1974,722650	1.4
1974,722655	13.1
1974,722656	15.1
1974,722657	22.1
1974,722660	10.0
1974,722665	12.0
1974,722666	19.0
1974,722670	1.4
1974,722675	6.1
1974,722700	12.2
1974,722707	2.1
1974,723510	1.4
1974,723601	7.2
1974,723630	3.0
1975,722410	15.3
1975,722415	36.0
1975,722420	28.9
1975,722422	30.2
1975,722430	21.0
1975,722435	25.0
1975,722436	23.2
1975,722437	34.9
1975,722445	24.3
1975,722446	20.1
1975,722447	18.1
1975,722448	14.2
1975,722500	24.1
1975,722505	43.0
1975,722506	24.3
1975,722510	18.0
1975,722515	28.9
1975,722516	21.2
1975,722517	18.1
1975,722519	37.9
1975,722520	37.0
1975,722525	46.9
1975,722526	16.2
1975,722530	15.1
1975,722535	18.1
1975,722536	22.1
1975,722540	19.9
1975,722545	19.2
1975,722550	21.0
1975,722555	22.1
1975,722556	19.2
1975,722557	37.9
1975,722560	18.0
1975,722572	15.3
1975,722576	19.2
1975,722577	17.2
1975,722580	19.9
1975,722585	15.3
1975,722587	21.2
1975,722590	17.1
1975,722595	19.2
1975,722596	18.1
1975,722597	15.3
1975,722610	19.0
1975,722615	22.1
1975,722626	8.2
1975,722630	15.1
1975,722635	20.1
1975,722636	-4.9
1975,722650	14.0
1975,722655	15.3
1975,722656	12.2
1975,722660	9.0
1975,722665	10.2
1975,722666	51.1
1975,722670	9.0
1975,722675	13.1
1975,722700	15.1
1975,722707	1.2
1975,723510	10.9
1975,723601	1.2
1975,723630	3.0
1976,722410	19.0
1976,722415	25.2
1976,722420	24.1
1976,722422	27.1
1976,722430	18.9
1976,722435	21.0
1976,722436	20.1
1976,722437	13.1
1976,722445	15.3
1976,722446	15.3
1976,722447	13.1
1976,722448	12.2
1976,722500	28.9
1976,722505	55.0
1976,722506	29.1
1976,722510	26.1
1976,722515	27.1
1976,722516	26.1
1976,722517	25.2
1976,722519	26.1
1976,722520	29.1
1976,722526	20.1
1976,722530	17.1
1976,722535	19.2
1976,722536	15.3
1976,722540	18.0
1976,722545	20.1
1976,722550	19.0
1976,722555	20.1
1976,722556	22.1
1976,722557	23.2
1976,722560	12.9
1976,722572	15.3
1976,722576	18.1
1976,722577	14.2
1976,722580	12.0
1976,722585	12.2
1976,722587	11.1
1976,722590	10.9
1976,722595	12.2
1976,722596	10.2
1976,722597	10.2
1976,722610	19.0
1976,722615	18.1
1976,722626	-0.8
1976,722630	10.9
1976,722635	8.2
1976,722636	-4.9
1976,722650	12.0
1976,722655	12.2
1976,722656	7.2
1976,722658	25.2
1976,722660	7.2
1976,722665	9.1
1976,722666	41.0
1976,722670	0.9
1976,722675	1.2
1976,722700	1.0
1976,722707	5.2
1976,723510	8.1
1976,723601	7.2
1976,723630	0.0
1977,722410	17.1
1977,722415	22.1
1977,722420	28.0
1977,722422	12.2
1977,722430	18.0
1977,722435	19.0
1977,722436	22.1
1977,722437	23.2
1977,722445	14.2
1977,722446	14.0
1977,722447	12.2
1977,722448	9.1
1977,722500	29.8
1977,722505	86.0
1977,722506	27.9
1977,722510	23.0
1977,722515	27.0
1977,722516	27.0
1977,722517	20.1
1977,722519	30.0
1977,722520	27.1
1977,722526	19.9
1977,722530	19.9
1977,722535	21.2
1977,722536	19.2
1977,722540	18.9
1977,722545	20.1
1977,722550	19.9
1977,722555	23.0
1977,722556	20.8
1977,722557	37.9
1977,722560	10.9
1977,722572	18.1
1977,722576	19.2
1977,722577	15.3
1977,722580	12.9
1977,722585	12.9
1977,722587	15.3
1977,722590	10.0
1977,722595	13.1
1977,722596	12.2
1977,722597	4.1
1977,722610	19.9
1977,722615	17.2
1977,722620	18.1
1977,722626	5.2
1977,722630	16.0
1977,722635	14.2
1977,722636	-4.0
1977,722640	6.3
1977,722650	8.1
1977,722655	14.2
1977,722656	7.2
1977,722658	68.0
1977,722660	8.1
1977,722665	8.2
1977,722666	43.0
1977,722670	0.0
1977,722675	9.1
1977,722700	16.0
1977,722707	7.2
1977,723510	-0.9
1977,723601	3.9
1977,723630	-0.9
1977,747400	19.2
1978,722410	23.9
1978,722415	30.0
1978,722420	28.0
1978,722422	27.1
1978,722430	19.9
1978,722435	24.1
1978,722436	27.1
1978,722437	24.1
1978,722445	19.2
1978,722446	16.2
1978,722447	19.2
1978,722448	13.1
1978,722500	30.9
1978,722505	73.0
1978,722506	29.8
1978,722510	20.8
1978,722515	27.9
1978,722516	19.9
1978,722517	20.8
1978,722519	34.0
1978,722520	28.2
1978,722526	20.8
1978,722530	18.0
1978,722535	21.2
1978,722536	21.2
1978,722540	18.9
1978,722545	18.1
1978,722550	21.9
1978,722555	25.0
1978,722556	18.0
1978,722557	37.9
1978,722560	18.0
1978,722570	21.2
1978,722576	20.1
1978,722577	18.1
1978,722580	12.0
1978,722585	10.2
1978,722587	9.1
1978,722590	9.0
1978,722595	13.1
1978,722596	10.2
1978,722597	13.1
1978,722610	25.0
1978,722615	23.2
1978,722620	7.2
1978,722630	14.0
1978,722636	-6.9
1978,722640	7.2
1978,722650	12.9
1978,722656	7.9
1978,722660	11.8
1978,722665	15.3
1978,722666	70.0
1978,722670	-2.0
1978,722675	5.2
1978,722700	12.9
1978,723510	3.9
1978,723601	7.0
1978,723630	-4.0
1978,747300	17.2
1978,747400	13.1
1979,722410	18.9
1979,722415	27.1
1979,722420	23.0
1979,722422	22.1
1979,722430	17.1
1979,722435	17.2
1979,722436	22.1
1979,722437	25.2
1979,722445	14.2
1979,722446	11.1
1979,722447	7.2
1979,722448	8.2
1979,722500	25.9
1979,722506	21.9
1979,722510	21.9
1979,722515	23.0
1979,722516	19.9
1979,722517	20.8
1979,722519	34.9
1979,722520	18.1
1979,722526	19.2
1979,722530	15.1
1979,722535	19.2
1979,722536	19.2
1979,722540	12.9
1979,722545	16.2
1979,722550	17.1
1979,722555	19.9
1979,722556	19.0
1979,722557	58.8
1979,722560	10.9
1979,722570	16.2
1979,722576	15.3
1979,722577	12.2
1979,722580	11.1
1979,722585	11.1
1979,722587	8.2
1979,722588	44.1
1979,722590	12.9
1979,722595	15.3
1979,722596	9.1
1979,722597	10.2
1979,722610	18.0
1979,722615	19.2
1979,722620	3.2
1979,722630	6.1
1979,722636	-10.1
1979,722640	2.1
1979,722650	0.0
1979,722656	3.9
1979,722660	7.0
1979,722665	10.2
1979,722666	75.9
1979,722670	-2.0
1979,722675	4.1
1979,722700	14.0
1979,723510	6.1
1979,723601	2.8
1979,723630	-8.1
1979,747300	11.1
1979,747400	10.2
1980,722410	25.0
1980,722415	34.9
1980,722420	26.1
1980,722422	22.1
1980,722430	21.9
1980,722435	24.3
1980,722436	27.1
1980,722437	32.9
1980,722445	18.9
1980,722446	18.0
1980,722447	19.9
1980,722448	13.1
1980,722500	32.0
1980,722505	53.1
1980,722506	30.9
1980,722510	24.1
1980,722515	25.0
1980,722516	25.9
1980,722517	23.0
1980,722519	82.9
1980,722520	29.1
1980,722526	23.9
1980,722530	18.9
1980,722535	21.2
1980,722536	21.2
1980,722540	18.9
1980,722545	19.2
1980,722550	20.8
1980,722555	23.0
1980,722556	27.0
1980,722557	54.9
1980,722560	16.9
1980,722570	18.1
1980,722576	16.2
1980,722577	22.1
1980,722580	8.2
1980,722585	16.9
1980,722587	18.1
1980,722590	14.9
1980,722595	17.2
1980,722596	12.2
1980,722597	9.1
1980,722610	21.0
1980,722615	23.2
1980,722620	12.2
1980,722630	8.1
1980,722636	5.2
1980,722640	4.1
1980,722650	9.0
1980,722656	14.0
1980,722660	9.9
1980,722665	8.2
1980,722670	8.1
1980,722675	9.1
1980,722700	16.0
1980,723510	5.0
1980,723601	9.0
1980,723604	14.0
1980,723630	3.0
1980,726388	2.1
1980,747300	39.9
1980,747400	9.9
1981,722410	19.9
1981,722414	53.1
1981,722415	26.1
1981,722420	24.1
1981,722422	24.3
1981,722430	19.9
1981,722435	15.3
1981,722436	22.1
1981,722437	24.1
1981,722445	16.9
1981,722446	14.9
1981,722447	12.9
1981,722448	12.2
1981,722500	36.0
1981,722505	59.0
1981,722506	34.0
1981,722510	25.9
1981,722515	27.9
1981,722516	27.0
1981,722517	25.9
1981,722520	32.0
1981,722526	24.3
1981,722530	17.1
1981,722535	24.3
1981,722536	22.1
1981,722540	16.9
1981,722545	18.1
1981,722550	19.9
1981,722555	20.8
1981,722556	25.0
1981,722557	70.0
1981,722560	11.8
1981,722570	15.3
1981,722576	16.2
1981,722577	14.2
1981,722580	9.9
1981,722585	12.9
1981,722587	7.2
1981,722590	9.9
1981,722595	14.2
1981,722596	9.1
1981,722597	10.2
1981,722610	21.0
1981,722615	17.2
1981,722620	1.2
1981,722630	9.1
1981,722636	-5.1
1981,722637	70.0
1981,722640	7.2
1981,722650	1.0
1981,722656	9.0
1981,722660	9.0
1981,722665	14.2
1981,722670	5.9
1981,722675	10.2
1981,722700	16.9
1981,723510	10.9
1981,723604	0.9
1981,723630	-7.1
1981,726388	-15.9
1981,747300	20.1
1981,747400	12.9
1982,690290	76.8
1982,690300	47.8
1982,722410	14.9
1982,722414	46.0
1982,722415	24.1
1982,722420	24.1
1982,722422	22.1
1982,722430	12.0
1982,722435	15.3
1982,722436	16.2
1982,722437	24.1
1982,722445	9.1
1982,722446	8.1
1982,722447	5.2
1982,722448	2.1
1982,722500	25.0
1982,722505	57.0
1982,722506	25.9
1982,722510	18.9
1982,722515	21.9
1982,722516	21.9
1982,722517	19.9
1982,722520	25.2
1982,722526	19.2
1982,722530	12.9
1982,722535	17.2
1982,722536	15.3
1982,722540	10.9
1982,722545	14.2
1982,722550	14.0
1982,722555	20.8
1982,722556	16.9
1982,722560	6.1
1982,722570	8.2
1982,722576	7.2
1982,722577	6.3
1982,722580	7.0
1982,722585	9.0
1982,722588	48.9
1982,722590	7.0
1982,722595	10.2
1982,722596	8.2
1982,722597	8.2
1982,722610	15.1
1982,722615	15.3
1982,722620	7.2
1982,722630	5.0
1982,722636	-7.1
1982,722640	1.2
1982,722650	5.0
1982,722656	9.0
1982,722660	4.8
1982,722665	7.2
1982,722670	0.0
1982,722673	22.1
1982,722675	3.2
1982,722700	9.9
1982,723510	2.8
1982,723604	3.9
1982,723630	-5.1
1982,726388	-4.9
1982,747300	17.2
1982,747400	7.2
1983,690290	49.8
1983,690300	47.8
1983,722410	14.9
1983,722414	41.0
1983,722420	14.0
1983,722422	15.3
1983,722430	10.9
1983,722435	13.1
1983,722436	18.1
1983,722437	27.1
1983,722445	10.2
1983,722446	8.1
1983,722447	5.9
1983,722448	0.1
1983,722500	19.9
1983,722505	21.2
1983,722506	18.9
1983,722510	14.0
1983,722515	16.9
1983,722516	14.9
1983,722517	14.0
1983,722520	17.2
1983,722526	12.2
1983,722530	9.1
1983,722533	10.0
1983,722535	13.1
1983,722536	13.1
1983,722540	10.0
1983,722545	11.1
1983,722550	14.0
1983,722555	14.0
1983,722556	14.9
1983,722560	7.0
1983,722570	9.1
1983,722576	10.2
1983,722577	9.1
1983,722580	5.0
1983,722585	5.0
1983,722588	10.2
1983,722590	5.0
1983,722595	7.2
1983,722596	7.2
1983,722597	1.9
1983,722610	12.9
1983,722615	14.2
1983,722620	-0.8
1983,722630	-5.1
1983,722636	-7.1
1983,722637	-10.8
1983,722640	1.9
1983,722650	6.1
1983,722656	3.9
1983,722660	1.9
1983,722665	2.1
1983,722670	0.0
1983,722673	5.2
1983,722675	1.2
1983,722700	9.9
1983,723510	1.0
1983,723604	-1.1
1983,723630	-7.1
1983,726388	-4.9
1983,747300	9.1
1983,747400	4.1
1983,999999	3.0
1984,722337	61.0
1984,722410	27.9
1984,722415	63.9
1984,722420	28.0
1984,722422	28.2
1984,722430	19.9
1984,722435	23.2
1984,722436	25.2
1984,722437	39.9
1984,722439	75.9
1984,722445	18.0
1984,722446	16.9
1984,722447	14.9
1984,722448	11.1
1984,722500	35.1
1984,722505	35.1
1984,722506	30.2
1984,722510	25.9
1984,722515	27.9
1984,722516	25.9
1984,722517	23.9
1984,722520	30.2
1984,722524	43.0
1984,722526	0.1
1984,722530	17.6
1984,722533	19.0
1984,722535	21.2
1984,722536	18.1
1984,722540	17.1
1984,722545	19.2
1984,722550	17.1
1984,722555	23.0
1984,722556	23.9
1984,722560	14.0
1984,722570	14.2
1984,722576	13.1
1984,722577	14.2
1984,722580	9.9
1984,722585	10.9
1984,722588	10.2
1984,722590	10.0
1984,722595	11.1
1984,722596	9.1
1984,722597	11.1
1984,722598	29.1
1984,722599	30.2
1984,722600	9.0
1984,722610	27.0
1984,722615	28.2
1984,722620	9.1
1984,722630	10.9
1984,722636	-14.1
1984,722637	-14.8
1984,722640	9.0
1984,722650	15.1
1984,722656	16.9
1984,722660	9.5
1984,722665	8.2
1984,722670	6.1
1984,722673	13.1
1984,722675	8.2
1984,722700	14.0
1984,723510	5.0
1984,723604	2.8
1984,723630	-11.0
1984,726388	-2.9
1984,747300	4.1
1984,747400	14.2
1985,722094	-3.1
1985,722337	60.1
1985,722410	18.0
1985,722415	34.9
1985,722420	19.9
1985,722422	20.1
1985,722430	15.6
1985,722433	19.2
1985,722435	20.1
1985,722436	20.1
1985,722439	64.0
1985,722445	14.0
1985,722446	12.9
1985,722447	10.0
1985,722448	7.2
1985,722500	28.0
1985,722505	27.1
1985,722506	26.1
1985,722510	21.7
1985,722515	25.0
1985,722516	21.0
1985,722517	19.9
1985,722520	22.1
1985,722526	19.0
1985,722530	13.6
1985,722533	12.0
1985,722535	19.2
1985,722536	16.2
1985,722540	14.0
1985,722545	15.3
1985,722550	19.0
1985,722555	19.9
1985,722556	19.9
1985,722560	3.9
1985,722570	15.3
1985,722576	7.2
1985,722577	8.2
1985,722580	10.0
1985,722581	19.0
1985,722585	9.0
1985,722588	11.1
1985,722590	7.0
1985,722595	10.2
1985,722596	7.2
1985,722597	10.0
1985,722598	7.2
1985,722599	8.2
1985,722600	3.0
1985,722610	14.0
1985,722615	16.2
1985,722620	0.1
1985,722630	-0.9
1985,722636	-7.2
1985,722637	2.1
1985,722640	-2.0
1985,722650	-11.4
1985,722656	-5.8
1985,722660	-7.1
1985,722665	-1.8
1985,722666	27.1
1985,722670	1.9
1985,722673	5.2
1985,722675	6.3
1985,722700	8.1
1985,723510	-8.0
1985,723604	1.9
1985,723630	-4.0
1985,726388	41.9
1985,747300	12.2
1985,747400	3.2
1985,994110	30.9
1985,994260	25.3
1986,722094	-11.7
1986,722337	70.0
1986,722410	26.1
1986,722415	76.8
1986,722420	22.1
1986,722422	31.1
1986,722429	34.0
1986,722430	27.7
1986,722435	33.1
1986,722436	31.1
1986,722439	50.0
1986,722445	27.0
1986,722446	21.9
1986,722447	7.2
1986,722448	23.2
1986,722453	53.1
1986,722500	36.0
1986,722505	37.0
1986,722506	30.2
1986,722508	79.9
1986,722510	26.1
1986,722515	36.0
1986,722516	33.1
1986,722517	30.2
1986,722520	32.0
1986,722524	68.0
1986,722526	30.2
1986,722530	26.8
1986,722533	27.0
1986,722535	31.1
1986,722536	29.1
1986,722540	27.0
1986,722545	28.2
1986,722550	30.0
1986,722555	28.0
1986,722556	30.9
1986,722557	76.8
1986,722560	24.1
1986,722570	25.2
1986,722575	26.2
1986,722576	25.2
1986,722577	25.2
1986,722581	21.0
1986,722585	19.9
1986,722588	20.1
1986,722590	19.9
1986,722595	22.1
1986,722596	19.2
1986,722597	17.1
1986,722598	34.0
1986,722599	19.2
1986,722600	18.0
1986,722610	25.0
1986,722615	29.1
1986,722620	16.0
1986,722630	19.9
1986,722636	-10.1
1986,722637	15.3
1986,722640	12.2
1986,722650	11.7
1986,722656	5.0
1986,722660	17.8
1986,722665	19.2
1986,722666	33.1
1986,722670	6.1
1986,722673	18.1
1986,722675	6.3
1986,722700	15.1
1986,723510	9.0
1986,723604	-5.3
1986,723630	-11.9
1986,747300	22.1
1986,747400	16.2
1986,994110	35.2
1986,994260	27.9
1987,722094	0.1
1987,722337	57.0
1987,722410	25.0
1987,722413	32.0
1987,722420	36.5
1987,722422	33.1
1987,722429	25.2
1987,722430	26.4
1987,722435	28.9
1987,722436	28.2
1987,722439	59.0
1987,722445	25.0
1987,722446	21.9
1987,722447	21.0
1987,722448	25.2
1987,722453	48.0
1987,722500	34.0
1987,722505	36.0
1987,722506	35.1
1987,722510	29.7
1987,722515	37.9
1987,722516	33.1
1987,722517	30.0
1987,722520	34.0
1987,722524	59.0
1987,722526	27.1
1987,722530	17.6
1987,722533	23.0
1987,722535	28.2
1987,722536	27.1
1987,722537	24.3
1987,722540	28.0
1987,722545	28.2
1987,722550	30.9
1987,722555	28.9
1987,722556	32.0
1987,722560	23.0
1987,722570	28.2
1987,722575	29.1
1987,722576	27.1
1987,722577	26.2
1987,722581	26.1
1987,722585	24.1
1987,722588	27.1
1987,722590	21.9
1987,722595	25.2
1987,722596	23.0
1987,722597	21.0
1987,722598	25.2
1987,722599	23.2
1987,722600	19.0
1987,722610	24.1
1987,722615	26.2
1987,722620	10.0
1987,722630	16.0
1987,722636	-6.2
1987,722640	1.2
1987,722650	11.1
1987,722656	10.0
1987,722660	15.4
1987,722665	16.2
1987,722666	27.1
1987,722670	1.9
1987,722673	24.3
1987,722675	2.1
1987,722700	6.1
1987,723510	12.9
1987,723604	7.0
1987,723630	-5.1
1987,747300	19.2
1987,747400	16.2
1987,994110	38.1
1987,994260	31.1
1988,722094	-15.9
1988,722337	66.9
1988,722410	26.1
1988,722413	25.2
1988,722420	30.7
1988,722422	31.1
1988,722426	37.0
1988,722429	21.2
1988,722430	24.4
1988,722435	26.1
1988,722436	26.2
1988,722439	66.9
1988,722445	19.9
1988,722446	18.0
1988,722447	16.2
1988,722448	17.2
1988,722453	45.0
1988,722500	35.1
1988,722505	34.0
1988,722506	33.1
1988,722510	25.2
1988,722515	35.1
1988,722516	28.9
1988,722517	27.0
1988,722520	28.2
1988,722524	64.9
1988,722526	23.0
1988,722530	22.5
1988,722533	21.0
1988,722535	25.2
1988,722536	23.2
1988,722537	20.1
1988,722540	23.0
1988,722545	21.2
1988,722550	24.1
1988,722555	24.1
1988,722556	26.1
1988,722560	19.0
1988,722570	23.2
1988,722575	20.1
1988,722576	17.2
1988,722577	19.2
1988,722581	16.0
1988,722585	17.1
1988,722587	37.0
1988,722588	16.2
1988,722590	16.0
1988,722595	20.1
1988,722596	14.0
1988,722597	15.1
1988,722598	15.3
1988,722599	27.1
1988,722600	16.0
1988,722610	21.0
1988,722615	20.1
1988,722620	16.2
1988,722630	14.0
1988,722636	-10.1
1988,722640	3.2
1988,722650	12.4
1988,722656	10.9
1988,722660	14.9
1988,722665	14.2
1988,722670	10.9
1988,722673	13.1
1988,722675	11.1
1988,722700	15.1
1988,723510	1.9
1988,723604	3.9
1988,723630	-6.0
1988,747300	18.1
1988,747400	13.1
1988,994110	32.0
1988,994260	26.4
1989,690190	-2.7
1989,722337	45.0
1989,722410	12.0
1989,722420	21.6
1989,722422	12.9
1989,722426	46.9
1989,722429	6.3
1989,722430	7.0
1989,722435	9.1
1989,722436	12.2
1989,722439	35.1
1989,722445	0.0
1989,722446	3.0
1989,722447	1.2
1989,722448	-0.8
1989,722453	37.0
1989,722500	16.0
1989,722505	17.2
1989,722506	18.0
1989,722510	12.9
1989,722515	15.1
1989,722516	15.1
1989,722517	12.0
1989,722520	15.3
1989,722524	61.0
1989,722526	12.0
1989,722527	43.0
1989,722530	6.1
1989,722533	8.1
1989,722535	9.1
1989,722536	8.2
1989,722537	0.1
1989,722540	3.9
1989,722545	6.3
1989,722550	9.0
1989,722555	10.0
1989,722556	10.9
1989,722560	-4.0
1989,722570	10.2
1989,722575	15.3
1989,722576	-0.8
1989,722577	2.1
1989,722581	1.0
1989,722585	0.0
1989,722587	34.0
1989,722588	4.1
1989,722590	-0.9
1989,722595	0.1
1989,722596	-5.3
1989,722597	-8.1
1989,722598	-0.8
1989,722599	-2.7
1989,722600	-8.1
1989,722610	10.0
1989,722615	15.3
1989,722620	0.1
1989,722630	-4.0
1989,722636	-10.1
1989,722640	0.1
1989,722650	-0.9
1989,722656	2.1
1989,722660	-7.1
1989,722670	-2.0
1989,722673	11.1
1989,722675	-0.8
1989,722700	8.1
1989,723510	-7.1
1989,723604	-5.3
1989,723630	-8.0
1989,747300	0.1
1989,747400	0.1
1989,994110	12.9
1989,994260	10.6
1990,690190	10.2
1990,722337	62.1
1990,722410	19.0
1990,722420	24.3
1990,722422	41.0
1990,722423	24.3
1990,722429	16.2
1990,722430	19.0
1990,722435	21.0
1990,722436	35.1
1990,722439	57.0
1990,722445	16.0
1990,722446	15.1
1990,722447	15.3
1990,722448	13.1
1990,722453	43.0
1990,722500	28.9
1990,722505	30.2
1990,722506	30.9
1990,722510	25.0
1990,722515	28.0
1990,722516	26.1
1990,722517	25.0
1990,722520	28.2
1990,722524	35.1
1990,722526	23.0
1990,722527	63.0
1990,722530	16.0
1990,722533	16.0
1990,722535	32.0
1990,722536	18.1
1990,722537	16.2
1990,722540	15.1
1990,722545	15.3
1990,722550	19.9
1990,722555	19.0
1990,722556	21.9
1990,722560	10.9
1990,722570	18.1
1990,722575	15.3
1990,722576	11.1
1990,722577	12.2
1990,722581	30.9
1990,722583	10.0
1990,722585	10.0
1990,722587	30.2
1990,722588	17.2
1990,722590	10.0
1990,722595	9.1
1990,722596	9.1
1990,722597	10.0
1990,722598	9.1
1990,722599	26.2
1990,722600	7.0
1990,722610	19.0
1990,722615	22.1
1990,722620	9.1
1990,722630	9.0
1990,722636	-7.8
1990,722640	8.2
1990,722650	8.1
1990,722656	10.2
1990,722660	6.1
1990,722670	3.0
1990,722673	10.2
1990,722675	3.2
1990,722700	19.0
1990,723510	6.1
1990,723604	1.9
1990,723630	-6.0
1990,747300	18.1
1990,747400	10.2
1990,994110	27.1
1990,994260	19.4
1990,994510	72.9
1991,690190	20.1
1991,722337	59.0
1991,722410	28.9
1991,722420	31.5
1991,722423	37.0
1991,722429	28.2
1991,722430	25.0
1991,722435	32.0
1991,722436	33.1
1991,722439	61.0
1991,722445	26.2
1991,722446	23.0
1991,722447	22.1
1991,722448	22.1
1991,722453	48.0
1991,722470	22.1
1991,722500	35.1
1991,722505	37.9
1991,722506	37.9
1991,722510	30.9
1991,722515	41.0
1991,722516	33.1
1991,722517	32.0
1991,722520	36.0
1991,722524	63.0
1991,722526	27.1
1991,722530	27.0
1991,722533	27.0
1991,722535	27.1
1991,722536	28.2
1991,722537	21.2
1991,722540	21.0
1991,722545	26.2
1991,722550	27.0
1991,722555	32.0
1991,722556	30.0
1991,722560	17.1
1991,722570	24.3
1991,722575	21.2
1991,722576	22.1
1991,722577	21.2
1991,722583	27.1
1991,722585	24.1
1991,722587	32.0
1991,722588	24.3
1991,722590	12.9
1991,722594	25.2
1991,722595	24.3
1991,722596	25.2
1991,722597	24.3
1991,722598	24.3
1991,722599	34.0
1991,722600	21.0
1991,722610	29.8
1991,722615	29.1
1991,722620	17.2
1991,722630	18.0
1991,722636	2.1
1991,722640	12.2
1991,722650	19.0
1991,722656	16.2
1991,722660	21.0
1991,722670	8.1
1991,722673	22.1
1991,722675	9.1
1991,722700	21.9
1991,723510	7.0
1991,723604	15.3
1991,723630	7.0
1991,747300	22.1
1991,747400	20.1
1991,994110	38.8
1991,994260	30.4
1991,994510	70.3
1992,690190	16.2
1992,722337	52.0
1992,722410	28.0
1992,722420	31.5
1992,722429	27.0
1992,722430	28.0
1992,722435	28.9
1992,722436	30.2
1992,722439	66.0
1992,722445	24.3
1992,722446	19.9
1992,722448	17.2
1992,722453	50.0
1992,722470	16.2
1992,722499	21.9
1992,722500	35.1
1992,722505	32.9
1992,722506	32.0
1992,722510	33.1
1992,722515	37.0
1992,722516	34.0
1992,722517	29.8
1992,722520	34.0
1992,722524	41.0
1992,722526	28.9
1992,722530	26.1
1992,722533	26.1
1992,722535	25.9
1992,722536	25.9
1992,722537	23.2
1992,722540	26.1
1992,722545	27.0
1992,722546	23.9
1992,722547	23.0
1992,722550	28.0
1992,722555	28.9
1992,722556	33.1
1992,722560	19.0
1992,722563	23.9
1992,722570	21.2
1992,722575	22.1
1992,722576	19.2
1992,722577	21.2
1992,722583	20.1
1992,722585	21.0
1992,722588	20.1
1992,722590	19.0
1992,722594	18.1
1992,722595	15.3
1992,722596	18.1
1992,722597	16.2
1992,722598	21.2
1992,722599	27.0
1992,722600	15.1
1992,722610	28.6
1992,722615	25.0
1992,722620	15.3
1992,722630	18.0
1992,722636	5.9
1992,722640	7.0
1992,722650	12.0
1992,722656	13.1
1992,722660	15.1
1992,722670	12.0
1992,722673	19.2
1992,722675	14.0
1992,722700	18.0
1992,723510	15.3
1992,723604	18.1
1992,723630	8.1
1992,747300	18.9
1992,747400	18.9
1992,994110	33.8
1992,994260	29.7
1993,690190	14.9
1993,722337	36.0
1993,722410	27.0
1993,722420	36.9
1993,722429	25.0
1993,722430	27.0
1993,722435	29.8
1993,722436	28.9
1993,722445	20.8
1993,722446	23.0
1993,722448	20.8
1993,722453	43.0
1993,722470	10.9
1993,722499	19.9
1993,722500	32.0
1993,722505	29.8
1993,722506	32.9
1993,722510	28.0
1993,722515	35.1
1993,722516	30.9
1993,722517	27.9
1993,722520	28.9
1993,722524	41.9
1993,722526	25.9
1993,722530	23.0
1993,722533	21.0
1993,722535	21.0
1993,722536	21.9
1993,722540	28.9
1993,722545	27.9
1993,722546	19.9
1993,722547	18.9
1993,722550	26.1
1993,722555	29.8
1993,722560	24.1
1993,722563	25.0
1993,722570	23.0
1993,722575	21.9
1993,722576	23.9
1993,722577	18.9
1993,722583	23.0
1993,722585	23.0
1993,722587	21.9
1993,722588	21.9
1993,722590	23.0
1993,722594	19.9
1993,722595	23.0
1993,722596	19.9
1993,722597	20.8
1993,722598	21.9
1993,722599	20.8
1993,722600	19.9
1993,722610	25.9
1993,722615	21.9
1993,722620	16.9
1993,722630	19.0
1993,722636	5.0
1993,722640	14.9
1993,722650	14.0
1993,722656	10.9
1993,722660	16.0
1993,722670	12.9
1993,722673	18.9
1993,722675	12.9
1993,722700	21.0
1993,723510	16.0
1993,723604	14.0
1993,723630	5.0
1993,747300	18.9
1993,747400	14.0
1993,994110	35.4
1993,994260	31.1
1994,690190	12.0
1994,722410	27.0
1994,722420	32.9
1994,722429	25.0
1994,722430	27.0
1994,722435	27.0
1994,722436	27.9
1994,722445	23.0
1994,722446	19.9
1994,722448	19.9
1994,722453	37.9
1994,722470	19.9
1994,722499	19.9
1994,722500	37.9
1994,722505	36.0
1994,722506	37.9
1994,722510	23.0
1994,722515	32.0
1994,722516	30.0
1994,722517	25.9
1994,722520	28.9
1994,722524	30.9
1994,722526	25.0
1994,722530	19.9
1994,722533	18.0
1994,722535	19.9
1994,722536	19.9
1994,722540	25.0
1994,722545	20.8
1994,722546	18.9
1994,722547	18.0
1994,722550	28.0
1994,722555	27.0
1994,722560	19.9
1994,722563	19.9
1994,722570	23.0
1994,722575	20.8
1994,722576	23.0
1994,722577	18.0
1994,722583	18.0
1994,722585	18.9
1994,722587	16.9
1994,722588	18.0
1994,722590	18.0
1994,722594	18.0
1994,722595	18.0
1994,722596	16.9
1994,722597	16.9
1994,722598	16.9
1994,722599	14.9
1994,722600	16.9
1994,722610	27.0
1994,722615	25.0
1994,722620	14.0
1994,722630	18.0
1994,722636	-2.0
1994,722640	9.9
1994,722650	10.9
1994,722656	12.9
1994,722660	14.0
1994,722670	9.0
1994,722673	14.0
1994,722675	10.9
1994,722700	15.1
1994,723510	12.0
1994,723604	3.9
1994,723630	1.0
1994,747300	18.0
1994,747400	14.9
1994,994110	31.8
1994,994260	28.0
1995,690190	16.0
1995,722410	28.0
1995,722420	34.0
1995,722429	27.0
1995,722430	28.0
1995,722435	32.0
1995,722436	29.8
1995,722445	25.0
1995,722446	24.1
1995,722448	18.0
1995,722453	50.0
1995,722470	20.8
1995,722499	23.0
1995,722500	39.9
1995,722505	38.8
1995,722506	37.9
1995,722510	33.1
1995,722515	37.0
1995,722516	33.1
1995,722517	34.0
1995,722520	32.9
1995,722524	43.9
1995,722526	28.9
1995,722530	25.0
1995,722535	27.0
1995,722536	25.0
1995,722540	26.1
1995,722545	29.8
1995,722546	21.9
1995,722547	18.9
1995,722550	26.1
1995,722555	29.8
1995,722560	19.9
1995,722563	18.0
1995,722570	25.9
1995,722575	20.8
1995,722576	19.9
1995,722577	18.0
1995,722583	19.9
1995,722585	19.9
1995,722587	14.9
1995,722588	23.9
1995,722590	17.1
1995,722594	14.9
1995,722595	18.0
1995,722596	14.9
1995,722597	16.9
1995,722598	18.9
1995,722599	19.9
1995,722610	32.0
1995,722615	32.0
1995,722620	14.9
1995,722630	18.0
1995,722636	7.0
1995,722640	16.0
1995,722650	17.1
1995,722656	16.9
1995,722660	16.0
1995,722670	12.0
1995,722673	16.0
1995,722675	14.0
1995,722700	25.0
1995,723510	16.0
1995,723604	12.9
1995,723630	7.0
1995,747300	23.0
1995,747400	19.9
1995,994110	35.8
1995,994260	28.4
1996,690190	1.9
1996,722410	20.8
1996,722420	26.6
1996,722429	19.9
1996,722430	19.9
1996,722435	23.9
1996,722436	21.2
1996,722445	16.0
1996,722446	15.8
1996,722448	9.0
1996,722453	56.8
1996,722470	10.9
1996,722499	10.9
1996,722500	28.9
1996,722505	24.8
1996,722506	26.6
1996,722510	21.9
1996,722515	25.0
1996,722516	21.0
1996,722517	23.0
1996,722518	21.2
1996,722520	24.8
1996,722524	24.8
1996,722526	19.4
1996,722530	19.0
1996,722533	15.8
1996,722535	15.8
1996,722536	17.6
1996,722540	19.0
1996,722545	18.9
1996,722546	16.0
1996,722547	12.9
1996,722550	21.9
1996,722555	23.0
1996,722560	12.9
1996,722563	11.8
1996,722570	21.9
1996,722575	14.0
1996,722576	12.9
1996,722577	11.8
1996,722583	10.9
1996,722585	12.0
1996,722587	5.0
1996,722588	16.0
1996,722590	8.1
1996,722594	5.9
1996,722595	10.0
1996,722596	7.0
1996,722597	7.9
1996,722598	9.9
1996,722599	11.8
1996,722610	21.0
1996,722615	21.2
1996,722620	10.9
1996,722630	8.1
1996,722636	-2.2
1996,722640	3.2
1996,722650	12.0
1996,722656	6.8
1996,722660	6.1
1996,722670	5.0
1996,722673	5.9
1996,722675	3.2
1996,722700	7.0
1996,723510	3.9
1996,723513	66.2
1996,723604	2.8
1996,723630	-2.9
1996,747300	18.9
1996,747400	9.0
1996,994110	29.7
1996,994260	21.7
1997,690190	14.0
1997,722410	28.9
1997,722420	32.0
1997,722429	26.6
1997,722430	27.0
1997,722435	30.2
1997,722436	30.2
1997,722445	24.8
1997,722446	21.2
1997,722448	19.4
1997,722453	60.8
1997,722470	19.4
1997,722499	19.4
1997,722500	30.0
1997,722505	30.2
1997,722506	30.2
1997,722510	28.0
1997,722515	32.0
1997,722516	28.0
1997,722517	28.4
1997,722518	28.4
1997,722520	22.6
1997,722524	30.2
1997,722526	23.0
1997,722530	24.1
1997,722533	17.1
1997,722535	24.8
1997,722536	21.2
1997,722540	23.0
1997,722541	24.8
1997,722542	19.9
1997,722543	30.2
1997,722547	28.4
1997,722550	27.0
1997,722555	29.8
1997,722560	21.0
1997,722563	19.4
1997,722570	26.6
1997,722575	21.2
1997,722576	21.2
1997,722577	19.4
1997,722583	17.6
1997,722585	19.0
1997,722587	15.8
1997,722588	17.6
1997,722590	17.1
1997,722594	12.2
1997,722595	18.0
1997,722596	15.8
1997,722597	15.8
1997,722598	15.8
1997,722599	17.6
1997,722610	26.1
1997,722615	28.4
1997,722630	15.8
1997,722636	-0.4
1997,722640	8.6
1997,722650	10.4
1997,722654	68.0
1997,722656	12.2
1997,722660	14.0
1997,722670	8.1
1997,722673	14.0
1997,722675	10.4
1997,722700	10.4
1997,723510	12.0
1997,723604	8.6
1997,723630	1.4
1997,747300	32.0
1997,747400	15.1
1997,994110	30.7
1997,994260	30.2
1998,690190	14.0
1998,722410	28.4
1998,722420	33.8
1998,722429	28.4
1998,722430	28.0
1998,722435	28.4
1998,722436	30.2
1998,722445	24.1
1998,722446	22.5
1998,722448	21.9
1998,722453	41.0
1998,722470	21.0
1998,722499	24.8
1998,722500	34.0
1998,722505	32.0
1998,722506	33.8
1998,722510	32.0
1998,722515	35.1
1998,722516	33.8
1998,722517	30.2
1998,722520	26.6
1998,722523	24.1
1998,722524	30.2
1998,722526	26.6
1998,722527	26.6
1998,722530	24.1
1998,722533	21.2
1998,722535	23.0
1998,722536	21.2
1998,722539	24.8
1998,722540	26.1
1998,722541	19.0
1998,722542	21.2
1998,722543	26.6
1998,722545	19.0
1998,722547	21.2
1998,722550	28.0
1998,722555	28.4
1998,722560	23.0
1998,722563	24.8
1998,722570	26.6
1998,722575	24.8
1998,722576	24.8
1998,722577	24.8
1998,722583	21.2
1998,722585	57.2
1998,722587	19.4
1998,722588	23.0
1998,722589	17.6
1998,722590	19.9
1998,722594	17.6
1998,722595	19.0
1998,722596	19.4
1998,722597	16.3
1998,722598	19.4
1998,722599	19.9
1998,722610	26.1
1998,722615	30.2
1998,722618	17.6
1998,722630	18.0
1998,722636	-2.6
1998,722640	-0.4
1998,722650	12.9
1998,722656	14.0
1998,722660	12.2
1998,722670	8.1
1998,722673	17.6
1998,722700	23.0
1998,723510	12.9
1998,723604	17.1
1998,723630	1.0
1998,747300	35.6
1998,747400	21.0
1998,994110	34.9
1998,994260	27.7
1999,690190	15.8
1999,722410	28.0
1999,722416	23.0
1999,722420	32.0
1999,722429	26.1
1999,722430	26.1
1999,722435	28.4
1999,722436	30.2
1999,722444	26.6
1999,722445	24.1
1999,722446	18.3
1999,722447	28.0
1999,722448	17.6
1999,722469	25.0
1999,722470	18.0
1999,722479	24.1
1999,722489	24.1
1999,722499	15.8
1999,722500	37.0
1999,722505	33.8
1999,722506	33.1
1999,722510	30.9
1999,722515	33.4
1999,722516	32.0
1999,722517	30.2
1999,722520	30.2
1999,722523	24.1
1999,722524	35.1
1999,722526	26.6
1999,722527	26.1
1999,722530	23.0
1999,722533	17.6
1999,722535	21.2
1999,722536	26.6
1999,722539	26.6
1999,722540	19.0
1999,722541	12.0
1999,722542	24.1
1999,722543	32.0
1999,722545	21.2
1999,722547	24.8
1999,722550	27.0
1999,722555	30.0
1999,722560	19.9
1999,722563	17.6
1999,722570	28.4
1999,722575	24.8
1999,722576	28.4
1999,722577	19.4
1999,722583	18.0
1999,722587	17.6
1999,722588	21.2
1999,722589	12.2
1999,722590	18.0
1999,722594	12.0
1999,722595	17.6
1999,722596	18.0
1999,722597	15.8
1999,722598	21.2
1999,722599	14.0
1999,722610	19.9
1999,722615	24.8
1999,722618	19.0
1999,722620	19.0
1999,722630	16.0
1999,722636	13.6
1999,722640	10.4
1999,722650	17.1
1999,722656	10.2
1999,722660	17.1
1999,722670	15.1
1999,722673	12.2
1999,722700	18.0
1999,723510	15.1
1999,723513	71.6
1999,723604	17.6
1999,723630	12.2
1999,723635	19.4
1999,747300	35.6
1999,747400	17.1
1999,994110	36.9
1999,994260	27.7
2000,690190	17.6
2000,722410	27.0
2000,722416	19.4
2000,722420	34.0
2000,722429	23.0
2000,722430	24.1
2000,722435	30.0
2000,722436	32.0
2000,722444	23.0
2000,722445	19.9
2000,722446	19.4
2000,722447	24.8
2000,722448	21.0
2000,722453	46.4
2000,722469	21.0
2000,722470	21.0
2000,722479	19.9
2000,722489	19.4
2000,722499	19.4
2000,722500	35.1
2000,722505	32.0
2000,722506	34.0
2000,722510	28.4
2000,722515	28.9
2000,722516	30.2
2000,722517	28.9
2000,722520	32.0
2000,722523	24.8
2000,722524	28.9
2000,722526	30.2
2000,722527	26.1
2000,722530	23.0
2000,722533	19.0
2000,722535	23.0
2000,722536	19.4
2000,722539	19.4
2000,722540	15.1
2000,722541	19.0
2000,722542	21.2
2000,722543	27.0
2000,722544	26.1
2000,722547	21.2
2000,722550	27.0
2000,722555	28.4
2000,722560	19.9
2000,722563	21.2
2000,722570	23.0
2000,722575	21.2
2000,722576	21.2
2000,722577	19.4
2000,722583	21.0
2000,722587	17.6
2000,722588	21.2
2000,722589	18.0
2000,722590	19.4
2000,722594	19.0
2000,722595	19.9
2000,722596	19.0
2000,722597	19.9
2000,722598	19.4
2000,722599	19.0
2000,722610	26.1
2000,722615	30.2
2000,722618	19.0
2000,722620	15.8
2000,722630	17.1
2000,722636	3.9
2000,722640	12.2
2000,722650	16.0
2000,722656	12.9
2000,722660	19.0
2000,722670	7.0
2000,722673	19.4
2000,722700	18.1
2000,723510	17.6
2000,723513	26.6
2000,723604	15.1
2000,723630	8.1
2000,723635	8.6
2000,747400	16.0
2000,994110	33.8
2000,994260	29.1
2001,690190	23.0
2001,722410	24.1
2001,722416	25.0
2001,722420	30.0
2001,722427	30.2
2001,722429	26.1
2001,722430	26.1
2001,722435	28.9
2001,722436	28.4
2001,722444	24.8
2001,722445	24.1
2001,722446	19.9
2001,722447	21.9
2001,722448	18.0
2001,722469	21.0
2001,722470	19.0
2001,722479	17.6
2001,722489	19.4
2001,722499	17.6
2001,722500	32.0
2001,722505	30.2
2001,722506	32.0
2001,722508	34.0
2001,722510	30.9
2001,722515	30.2
2001,722516	32.0
2001,722517	30.2
2001,722520	32.0
2001,722523	26.1
2001,722524	30.2
2001,722526	30.0
2001,722527	26.1
2001,722530	26.1
2001,722533	24.1
2001,722535	28.4
2001,722536	30.2
2001,722539	26.6
2001,722540	21.9
2001,722541	16.0
2001,722542	24.1
2001,722543	26.1
2001,722544	27.0
2001,722547	21.2
2001,722550	28.9
2001,722555	30.9
2001,722560	25.0
2001,722563	24.8
2001,722570	28.4
2001,722575	26.6
2001,722576	24.8
2001,722577	24.8
2001,722583	21.9
2001,722587	15.8
2001,722588	28.4
2001,722589	17.6
2001,722590	19.0
2001,722593	59.0
2001,722594	19.4
2001,722595	21.2
2001,722596	19.9
2001,722597	18.0
2001,722598	23.0
2001,722599	18.0
2001,722610	28.0
2001,722615	30.2
2001,722616	25.0
2001,722618	17.6
2001,722620	15.8
2001,722630	21.0
2001,722636	3.9
2001,722640	10.4
2001,722648	15.8
2001,722650	10.9
2001,722656	16.0
2001,722660	21.9
2001,722670	17.1
2001,722673	19.4
2001,722700	18.0
2001,723510	18.0
2001,723604	17.1
2001,723630	10.4
2001,723635	10.9
2001,747400	21.0
2001,994110	34.7
2001,994260	25.7
2002,690190	17.6
2002,722410	21.0
2002,722416	15.1
2002,722420	30.2
2002,722427	23.0
2002,722429	19.9
2002,722430	21.9
2002,722435	25.0
2002,722436	26.6
2002,722444	19.0
2002,722445	17.1
2002,722446	18.0
2002,722447	19.9
2002,722448	16.0
2002,722469	15.8
2002,722470	16.0
2002,722479	14.0
2002,722489	15.1
2002,722499	14.0
2002,722500	30.0
2002,722505	26.1
2002,722506	28.0
2002,722508	32.0
2002,722510	24.1
2002,722515	26.6
2002,722516	24.8
2002,722517	23.0
2002,722520	26.6
2002,722523	19.0
2002,722524	21.9
2002,722526	21.0
2002,722527	21.0
2002,722530	17.1
2002,722533	12.9
2002,722535	23.0
2002,722536	21.2
2002,722537	28.4
2002,722539	19.4
2002,722540	12.9
2002,722541	12.0
2002,722542	17.6
2002,722543	24.1
2002,722544	24.1
2002,722547	17.6
2002,722550	21.0
2002,722552	21.2
2002,722553	33.8
2002,722554	32.0
2002,722555	21.0
2002,722560	17.1
2002,722563	15.8
2002,722570	23.0
2002,722575	19.4
2002,722576	19.4
2002,722577	17.6
2002,722583	17.1
2002,722587	14.0
2002,722588	19.4
2002,722589	10.9
2002,722590	14.0
2002,722593	17.6
2002,722594	10.0
2002,722595	17.6
2002,722596	14.0
2002,722597	12.9
2002,722598	15.8
2002,722599	10.9
2002,722610	19.9
2002,722615	21.2
2002,722616	19.0
2002,722618	19.0
2002,722620	12.0
2002,722630	15.1
2002,722636	-0.9
2002,722640	8.6
2002,722648	17.6
2002,722650	17.1
2002,722656	14.0
2002,722660	15.1
2002,722666	21.2
2002,722670	9.0
2002,722673	12.2
2002,722700	18.0
2002,723510	12.9
2002,723604	10.0
2002,723630	6.1
2002,723635	6.8
2002,747400	9.0
2002,994110	34.0
2002,994260	25.3
2002,994510	40.3
2003,690190	24.8
2003,722410	26.1
2003,722416	24.1
2003,722420	30.0
2003,722427	26.6
2003,722429	26.6
2003,722430	28.0
2003,722435	28.0
2003,722436	28.4
2003,722444	23.0
2003,722445	24.1
2003,722446	21.9
2003,722447	23.0
2003,722448	23.0
2003,722469	21.0
2003,722470	21.0
2003,722479	19.0
2003,722489	19.9
2003,722499	21.2
2003,722500	35.1
2003,722505	33.1
2003,722506	34.0
2003,722508	35.6
2003,722510	30.0
2003,722515	34.0
2003,722516	30.2
2003,722517	30.2
2003,722520	32.0
2003,722523	23.0
2003,722524	32.0
2003,722526	27.0
2003,722527	25.0
2003,722530	25.0
2003,722533	19.9
2003,722535	26.6
2003,722536	23.0
2003,722537	23.0
2003,722539	23.0
2003,722540	19.0
2003,722541	17.1
2003,722542	21.2
2003,722543	28.0
2003,722544	24.1
2003,722547	21.2
2003,722550	26.6
2003,722552	17.6
2003,722553	24.8
2003,722554	26.6
2003,722555	28.0
2003,722560	19.9
2003,722563	19.4
2003,722570	23.0
2003,722575	21.2
2003,722576	21.2
2003,722577	19.4
2003,722583	19.9
2003,722587	17.6
2003,722588	19.4
2003,722589	17.1
2003,722590	17.1
2003,722593	19.4
2003,722594	17.6
2003,722595	19.4
2003,722596	17.1
2003,722597	17.1
2003,722598	19.4
2003,722599	19.4
2003,722600	23.0
2003,722610	26.1
2003,722615	28.4
2003,722616	21.0
2003,722618	19.0
2003,722620	12.0
2003,722630	17.6
2003,722636	3.0
2003,722637	12.2
2003,722640	10.4
2003,722648	17.1
2003,722650	17.1
2003,722656	18.0
2003,722660	15.1
2003,722666	15.8
2003,722670	12.0
2003,722673	15.8
2003,722700	12.9
2003,723510	14.0
2003,723604	10.9
2003,723630	5.0
2003,723635	6.8
2003,747400	17.1
2003,994110	35.2
2003,994260	26.4
2004,690190	8.6
2004,690290	51.8
2004,720110	19.4
2004,720150	57.2
2004,720151	10.4
2004,720261	15.8
2004,720269	23.0
2004,720271	19.4
2004,720273	23.0
2004,720276	23.0
2004,720281	12.2
2004,720286	17.6
2004,720287	17.6
2004,720291	19.4
2004,720295	19.4
2004,720296	26.6
2004,720298	19.4
2004,720299	19.4
2004,720302	15.8
2004,720303	21.2
2004,720305	14.0
2004,720311	19.4
2004,720314	23.0
2004,720315	1.4
2004,720316	19.4
2004,720318	14.0
2004,720320	19.4
2004,720323	21.2
2004,722042	19.4
2004,722094	17.6
2004,722102	64.4
2004,722107	3.2
2004,722112	19.4
2004,722113	26.6
2004,722122	10.4
2004,722143	17.6
2004,722159	28.4
2004,722169	19.4
2004,722174	-2.2
2004,722192	12.2
2004,722202	19.4
2004,722209	23.0
2004,722214	-0.4
2004,722323	21.2
2004,722324	17.6
2004,722338	21.2
2004,722351	26.6
2004,722410	26.1
2004,722416	23.0
2004,722420	32.0
2004,722427	26.6
2004,722429	26.6
2004,722430	28.0
2004,722435	28.0
2004,722436	28.4
2004,722444	23.0
2004,722445	25.0
2004,722446	21.9
2004,722447	24.8
2004,722448	19.9
2004,722453	30.2
2004,722469	19.4
2004,722470	19.0
2004,722479	17.6
2004,722489	17.1
2004,722499	19.4
2004,722500	28.0
2004,722505	30.2
2004,722506	26.1
2004,722508	41.0
2004,722510	21.9
2004,722515	28.4
2004,722516	30.2
2004,722517	24.8
2004,722520	28.4
2004,722523	25.0
2004,722524	33.8
2004,722526	21.2
2004,722527	24.1
2004,722530	24.1
2004,722533	18.0
2004,722535	26.6
2004,722536	23.0
2004,722537	19.4
2004,722539	23.0
2004,722540	19.0
2004,722541	15.1
2004,722542	21.0
2004,722543	28.4
2004,722544	24.1
2004,722547	19.4
2004,722550	21.0
2004,722552	12.2
2004,722553	24.8
2004,722554	26.6
2004,722555	24.1
2004,722560	21.0
2004,722563	21.2
2004,722570	19.4
2004,722575	21.2
2004,722576	19.4
2004,722577	21.2
2004,722583	18.0
2004,722587	14.0
2004,722588	17.6
2004,722589	14.0
2004,722590	18.0
2004,722593	17.6
2004,722594	15.8
2004,722595	17.6
2004,722596	15.1
2004,722597	14.0
2004,722598	17.6
2004,722599	17.1
2004,722600	15.8
2004,722610	21.0
2004,722615	28.4
2004,722616	17.1
2004,722618	19.0
2004,722620	8.6
2004,722630	17.1
2004,722636	-2.9
2004,722637	-0.4
2004,722640	14.0
2004,722648	15.1
2004,722650	15.8
2004,722656	12.9
2004,722660	15.1
2004,722666	17.6
2004,722670	3.0
2004,722700	16.0
2004,723510	7.0
2004,723513	66.2
2004,723604	5.0
2004,723630	-0.9
2004,723635	-0.4
2004,747335	14.0
2004,747355	17.6
2004,747400	17.6
2004,994110	29.5
2004,994260	28.6
2004,994730	42.8
2004,999999	-4.0
2005,690190	10.4
2005,720110	15.8
2005,720151	5.0
2005,720261	8.6
2005,720269	32.0
2005,720271	10.4
2005,720273	32.0
2005,720276	33.8
2005,720281	8.6
2005,720286	10.4
2005,720287	10.4
2005,720291	15.8
2005,720295	14.0
2005,720296	17.6
2005,720298	21.2
2005,720299	14.0
2005,720302	12.2
2005,720303	19.4
2005,720305	12.2
2005,720311	15.8
2005,720314	17.6
2005,720315	-2.2
2005,720316	32.0
2005,720318	8.6
2005,720320	15.8
2005,720323	23.0
2005,722008	33.8
2005,722042	17.6
2005,722094	17.6
2005,722107	6.8
2005,722112	19.4
2005,722113	24.8
2005,722122	6.8
2005,722143	12.2
2005,722159	35.6
2005,722169	10.4
2005,722174	5.0
2005,722192	8.6
2005,722202	26.6
2005,722209	30.2
2005,722214	-2.2
2005,722323	17.6
2005,722324	8.6
2005,722338	32.0
2005,722351	30.2
2005,722362	14.0
2005,722363	19.4
2005,722410	30.0
2005,722416	26.1
2005,722420	37.0
2005,722427	34.0
2005,722429	28.0
2005,722430	30.9
2005,722435	34.0
2005,722436	33.8
2005,722444	24.1
2005,722445	24.1
2005,722446	25.0
2005,722447	26.6
2005,722448	18.0
2005,722453	32.0
2005,722469	17.6
2005,722470	17.1
2005,722479	12.0
2005,722489	21.0
2005,722499	21.2
2005,722500	35.1
2005,722505	35.1
2005,722506	35.1
2005,722508	42.1
2005,722510	33.1
2005,722515	34.0
2005,722516	33.1
2005,722517	33.1
2005,722520	33.8
2005,722523	28.0
2005,722524	32.0
2005,722526	26.1
2005,722527	30.0
2005,722530	26.6
2005,722533	26.1
2005,722535	30.2
2005,722536	23.0
2005,722537	19.4
2005,722539	24.8
2005,722540	19.9
2005,722541	6.1
2005,722542	21.2
2005,722543	28.4
2005,722544	23.0
2005,722547	19.4
2005,722550	28.0
2005,722552	8.6
2005,722553	24.8
2005,722554	24.8
2005,722555	32.0
2005,722560	17.1
2005,722563	15.8
2005,722570	19.4
2005,722575	21.2
2005,722576	19.4
2005,722577	17.6
2005,722583	16.0
2005,722587	10.4
2005,722588	12.2
2005,722589	6.8
2005,722590	15.1
2005,722593	8.6
2005,722594	10.4
2005,722595	15.8
2005,722596	14.0
2005,722597	10.0
2005,722598	15.8
2005,722599	12.0
2005,722600	12.2
2005,722610	23.0
2005,722615	19.4
2005,722616	16.0
2005,722618	10.4
2005,722620	3.9
2005,722630	10.9
2005,722636	-4.0
2005,722637	-0.4
2005,722640	6.8
2005,722648	8.1
2005,722650	6.1
2005,722656	9.0
2005,722660	10.0
2005,722666	8.6
2005,722670	5.0
2005,722700	12.9
2005,723510	9.0
2005,723604	5.0
2005,723628	14.0
2005,723629	30.2
2005,723630	-2.9
2005,723635	1.4
2005,723761	24.8
2005,724462	23.0
2005,726388	66.2
2005,747335	10.4
2005,747355	14.0
2005,747400	10.9
2005,994037	84.2
2005,994110	32.7
2005,994260	32.4
2005,997361	36.1
2005,997363	36.5
2005,997364	37.0
2005,997366	34.5
2005,997368	52.2
2005,997369	36.0
2005,997370	35.1
2005,999999	-3.1
2006,690190	15.8
2006,720110	19.4
2006,720151	12.2
2006,720261	17.6
2006,720269	28.4
2006,720271	19.4
2006,720273	26.6
2006,720276	30.2
2006,720281	10.4
2006,720286	19.4
2006,720287	17.6
2006,720291	19.4
2006,720295	19.4
2006,720296	23.0
2006,720298	23.0
2006,720299	23.0
2006,720302	14.0
2006,720303	21.2
2006,720305	19.4
2006,720311	14.0
2006,720314	23.0
2006,720315	3.2
2006,720316	21.2
2006,720318	15.8
2006,720320	21.2
2006,720323	19.4
2006,722008	37.4
2006,722042	19.4
2006,722094	23.0
2006,722107	19.4
2006,722112	21.2
2006,722113	26.6
2006,722122	17.6
2006,722143	21.2
2006,722159	33.8
2006,722169	15.8
2006,722174	15.8
2006,722192	17.6
2006,722202	24.8
2006,722209	30.2
2006,722214	5.0
2006,722323	21.2
2006,722324	19.4
2006,722338	32.0
2006,722351	28.4
2006,722362	17.6
2006,722363	24.8
2006,722410	28.0
2006,722416	24.1
2006,722420	35.1
2006,722427	30.2
2006,722429	26.6
2006,722430	30.0
2006,722435	30.0
2006,722436	30.2
2006,722444	23.0
2006,722445	26.1
2006,722446	21.9
2006,722447	25.0
2006,722448	21.9
2006,722453	42.8
2006,722469	19.4
2006,722470	21.0
2006,722479	21.0
2006,722489	19.0
2006,722499	19.4
2006,722500	35.1
2006,722505	30.9
2006,722506	34.0
2006,722508	34.0
2006,722510	25.0
2006,722515	36.0
2006,722516	28.0
2006,722517	28.0
2006,722520	35.6
2006,722523	25.0
2006,722524	33.1
2006,722526	23.0
2006,722527	24.1
2006,722530	23.0
2006,722533	19.0
2006,722535	28.4
2006,722536	26.6
2006,722537	19.4
2006,722539	23.0
2006,722540	23.0
2006,722541	17.1
2006,722542	24.8
2006,722543	27.0
2006,722544	28.0
2006,722547	21.2
2006,722550	25.0
2006,722552	17.6
2006,722553	26.6
2006,722554	26.6
2006,722555	30.9
2006,722560	23.0
2006,722563	19.4
2006,722570	24.1
2006,722575	23.0
2006,722576	23.0
2006,722577	19.4
2006,722583	23.0
2006,722587	15.8
2006,722588	19.4
2006,722589	18.0
2006,722590	19.9
2006,722593	19.4
2006,722594	16.0
2006,722595	24.8
2006,722596	19.0
2006,722597	18.0
2006,722598	23.0
2006,722599	21.2
2006,722600	19.4
2006,722610	24.1
2006,722615	30.2
2006,722616	23.0
2006,722618	23.0
2006,722620	17.1
2006,722630	12.9
2006,722636	1.9
2006,722637	8.6
2006,722640	6.8
2006,722648	19.4
2006,722650	14.0
2006,722654	23.0
2006,722656	15.1
2006,722660	15.8
2006,722666	12.2
2006,722670	16.0
2006,722700	19.0
2006,723510	12.9
2006,723604	9.0
2006,723628	19.4
2006,723629	23.0
2006,723630	3.9
2006,723635	6.1
2006,723761	23.0
2006,724462	23.0
2006,747335	12.2
2006,747355	21.2
2006,747400	14.0
2006,994110	37.6
2006,994260	29.8
2006,997361	32.9
2006,997363	33.6
2006,997364	34.0
2006,997366	37.9
2006,997369	38.7
2006,997370	32.4
2006,997729	33.1
2006,999999	8.2
2007,690190	15.8
2007,720110	17.6
2007,720151	17.6
2007,720261	14.0
2007,720269	30.2
2007,720271	17.6
2007,720273	24.8
2007,720276	32.0
2007,720281	14.0
2007,720286	15.8
2007,720287	14.0
2007,720291	10.4
2007,720295	17.6
2007,720296	23.0
2007,720298	21.2
2007,720299	17.6
2007,720302	14.0
2007,720303	17.6
2007,720305	15.8
2007,720311	15.8
2007,720314	19.4
2007,720315	-2.2
2007,720316	28.4
2007,720318	12.2
2007,720320	17.6
2007,720323	19.4
2007,720391	30.2
2007,720393	8.6
2007,720395	26.6
2007,720396	64.4
2007,720403	68.0
2007,720404	21.2
2007,722008	33.8
2007,722042	17.6
2007,722094	19.4
2007,722107	14.0
2007,722112	19.4
2007,722113	21.2
2007,722122	15.8
2007,722143	15.8
2007,722159	33.8
2007,722169	17.6
2007,722174	10.4
2007,722192	17.6
2007,722202	21.2
2007,722209	26.6
2007,722214	5.0
2007,722323	19.4
2007,722324	15.8
2007,722338	30.2
2007,722351	26.6
2007,722362	17.6
2007,722363	24.8
2007,722369	32.0
2007,722410	25.0
2007,722416	21.0
2007,722420	33.1
2007,722427	28.9
2007,722429	25.0
2007,722430	26.1
2007,722435	28.9
2007,722436	28.4
2007,722444	23.0
2007,722445	21.0
2007,722446	19.0
2007,722447	19.4
2007,722448	16.0
2007,722453	42.8
2007,722469	17.1
2007,722470	17.1
2007,722479	15.1
2007,722489	15.1
2007,722499	17.6
2007,722500	35.1
2007,722505	33.8
2007,722506	33.8
2007,722508	35.1
2007,722510	28.0
2007,722515	33.1
2007,722516	28.9
2007,722517	28.9
2007,722520	32.0
2007,722523	23.0
2007,722524	30.9
2007,722526	25.0
2007,722527	28.0
2007,722530	24.1
2007,722533	21.9
2007,722535	23.0
2007,722536	23.0
2007,722537	17.6
2007,722539	19.4
2007,722540	19.9
2007,722541	10.9
2007,722542	19.0
2007,722543	23.0
2007,722544	24.1
2007,722547	15.8
2007,722550	23.0
2007,722552	10.4
2007,722553	19.4
2007,722554	24.8
2007,722555	27.0
2007,722560	16.0
2007,722561	24.8
2007,722563	17.6
2007,722570	24.1
2007,722575	21.2
2007,722576	17.6
2007,722577	17.6
2007,722583	18.0
2007,722587	12.2
2007,722588	17.6
2007,722589	12.2
2007,722590	16.0
2007,722593	15.8
2007,722594	12.9
2007,722595	19.4
2007,722596	15.1
2007,722597	14.0
2007,722598	17.6
2007,722599	12.9
2007,722600	15.8
2007,722610	26.1
2007,722615	23.0
2007,722616	21.9
2007,722618	19.4
2007,722620	17.1
2007,722630	16.0
2007,722636	1.0
2007,722637	3.2
2007,722640	6.8
2007,722648	17.1
2007,722650	16.0
2007,722654	19.9
2007,722656	16.0
2007,722660	16.0
2007,722666	12.2
2007,722670	10.0
2007,722700	21.0
2007,723510	12.9
2007,723604	9.0
2007,723628	15.8
2007,723629	26.6
2007,723630	3.9
2007,723635	5.0
2007,723761	21.2
2007,724462	21.2
2007,747335	17.6
2007,747355	19.4
2007,747400	15.1
2007,994110	33.1
2007,994260	26.2
2007,997361	31.1
2007,997363	32.5
2007,997364	32.5
2007,997366	34.2
2007,997368	29.7
2007,997369	34.5
2007,997370	29.8
2007,997729	33.4
2007,998165	37.6
2007,999999	1.8
2008,690190	12.7
2008,720110	14.0
2008,720151	12.2
2008,720261	15.8
2008,720269	28.4
2008,720271	19.4
2008,720273	28.4
2008,720276	30.2
2008,720281	15.8
2008,720286	19.4
2008,720287	19.4
2008,720291	19.4
2008,720295	21.2
2008,720296	23.0
2008,720298	21.2
2008,720299	21.2
2008,720302	19.4
2008,720303	21.2
2008,720305	17.6
2008,720311	17.6
2008,720314	23.0
2008,720315	6.8
2008,720316	30.2
2008,720318	12.2
2008,720320	23.0
2008,720323	19.4
2008,720391	30.2
2008,720393	6.8
2008,720395	23.0
2008,720404	17.6
2008,720542	26.6
2008,720577	26.6
2008,720578	19.4
2008,720579	30.2
2008,720584	28.6
2008,720594	32.0
2008,722008	37.4
2008,722042	21.2
2008,722094	24.8
2008,722107	15.8
2008,722112	23.0
2008,722113	26.6
2008,722122	15.8
2008,722143	19.4
2008,722159	35.6
2008,722169	12.2
2008,722174	10.4
2008,722192	19.4
2008,722202	21.2
2008,722209	28.4
2008,722214	5.0
2008,722231	21.2
2008,722323	19.4
2008,722324	21.2
2008,722338	26.6
2008,722351	26.6
2008,722362	19.4
2008,722363	26.6
2008,722369	30.2
2008,722410	30.0
2008,722416	21.9
2008,722420	33.1
2008,722427	30.0
2008,722429	26.1
2008,722430	27.0
2008,722435	32.0
2008,722436	32.0
2008,722444	23.0
2008,722445	25.0
2008,722446	21.9
2008,722447	23.0
2008,722448	21.0
2008,722453	39.2
2008,722469	21.9
2008,722470	19.0
2008,722479	21.0
2008,722489	18.0
2008,722499	19.4
2008,722500	36.0
2008,722505	30.9
2008,722506	36.0
2008,722508	37.0
2008,722510	30.0
2008,722515	37.0
2008,722516	26.1
2008,722517	28.0
2008,722520	32.0
2008,722523	25.0
2008,722524	33.1
2008,722526	23.0
2008,722527	25.0
2008,722530	26.1
2008,722533	17.1
2008,722535	21.7
2008,722536	21.2
2008,722537	15.8
2008,722539	19.4
2008,722540	15.1
2008,722541	15.1
2008,722542	23.0
2008,722543	27.0
2008,722544	25.0
2008,722547	17.6
2008,722550	23.0
2008,722552	15.8
2008,722553	21.2
2008,722554	26.6
2008,722555	26.1
2008,722560	16.0
2008,722561	19.4
2008,722563	17.6
2008,722570	21.9
2008,722575	19.4
2008,722576	24.8
2008,722577	19.4
2008,722583	21.9
2008,722587	3.2
2008,722588	17.6
2008,722589	14.0
2008,722590	23.0
2008,722593	15.8
2008,722594	16.0
2008,722595	21.9
2008,722596	19.0
2008,722597	17.1
2008,722598	21.2
2008,722599	21.0
2008,722600	17.6
2008,722610	23.0
2008,722615	22.3
2008,722616	23.0
2008,722618	19.4
2008,722620	12.9
2008,722630	12.0
2008,722636	1.0
2008,722637	8.6
2008,722640	8.6
2008,722648	15.1
2008,722650	14.0
2008,722654	19.9
2008,722656	16.0
2008,722660	14.0
2008,722666	12.2
2008,722670	12.0
2008,722700	18.0
2008,723510	14.0
2008,723604	12.9
2008,723628	15.8
2008,723629	26.6
2008,723630	7.0
2008,723635	9.0
2008,723761	24.8
2008,724462	26.6
2008,747335	14.0
2008,747355	23.0
2008,747400	12.9
2008,994110	36.0
2008,994260	28.8
2008,997361	32.2
2008,997363	32.9
2008,997364	33.6
2008,997366	38.1
2008,997368	29.8
2008,997369	40.3
2008,997370	35.1
2008,997729	37.4
2008,998165	33.6
2008,998189	33.4
2008,998226	35.2
2008,999999	3.6
2009,690190	9.1
2009,720110	19.4
2009,720151	17.6
2009,720261	17.2
2009,720269	32.0
2009,720271	17.6
2009,720273	28.2
2009,720276	30.4
2009,720281	12.2
2009,720286	18.9
2009,720287	17.6
2009,720291	23.0
2009,720295	18.5
2009,720296	25.5
2009,720298	24.8
2009,720299	19.4
2009,720302	20.3
2009,720303	19.4
2009,720305	15.8
2009,720311	21.2
2009,720314	20.1
2009,720315	3.2
2009,720316	26.6
2009,720318	14.0
2009,720320	21.2
2009,720323	18.0
2009,720391	26.6
2009,720393	5.0
2009,720395	21.7
2009,720404	17.6
2009,720542	26.6
2009,720577	19.4
2009,720578	15.8
2009,720579	23.5
2009,720584	24.8
2009,720594	32.0
2009,720617	30.2
2009,720622	17.6
2009,720626	5.0
2009,720637	26.6
2009,720639	22.1
2009,720647	21.2
2009,720648	23.0
2009,720659	21.0
2009,720668	51.8
2009,720669	51.8
2009,722008	35.6
2009,722042	23.0
2009,722094	23.0
2009,722107	16.7
2009,722112	23.0
2009,722113	23.0
2009,722122	14.0
2009,722143	21.2
2009,722159	31.1
2009,722169	13.8
2009,722174	7.3
2009,722192	14.0
2009,722202	21.0
2009,722209	28.4
2009,722214	2.7
2009,722231	17.6
2009,722323	23.0
2009,722324	21.2
2009,722338	26.6
2009,722351	28.4
2009,722362	23.0
2009,722363	26.6
2009,722369	29.3
2009,722410	27.0
2009,722416	21.0
2009,722420	34.0
2009,722427	28.0
2009,722429	23.0
2009,722430	26.1
2009,722435	27.0
2009,722436	28.4
2009,722444	21.0
2009,722445	24.1
2009,722446	21.9
2009,722447	23.0
2009,722448	21.9
2009,722469	23.0
2009,722470	21.0
2009,722479	19.9
2009,722489	21.9
2009,722499	19.4
2009,722500	30.9
2009,722505	28.9
2009,722506	33.1
2009,722508	30.0
2009,722510	30.0
2009,722515	37.0
2009,722516	25.0
2009,722517	25.0
2009,722520	31.1
2009,722523	24.1
2009,722524	27.0
2009,722526	23.0
2009,722527	25.0
2009,722530	23.0
2009,722533	21.0
2009,722535	21.2
2009,722536	21.7
2009,722537	17.6
2009,722539	23.0
2009,722540	18.0
2009,722541	16.0
2009,722542	19.4
2009,722543	24.1
2009,722544	25.0
2009,722547	19.4
2009,722550	25.0
2009,722552	15.8
2009,722553	23.0
2009,722554	25.2
2009,722555	27.0
2009,722560	21.0
2009,722561	24.8
2009,722563	21.2
2009,722570	23.0
2009,722575	21.2
2009,722576	21.2
2009,722577	19.4
2009,722583	21.0
2009,722587	17.6
2009,722588	21.2
2009,722589	16.0
2009,722590	19.9
2009,722593	19.4
2009,722594	19.0
2009,722595	19.9
2009,722596	18.0
2009,722597	15.1
2009,722598	21.2
2009,722599	21.0
2009,722600	19.4
2009,722610	27.0
2009,722615	26.6
2009,722616	21.0
2009,722618	21.0
2009,722620	18.0
2009,722630	17.1
2009,722636	3.9
2009,722637	5.0
2009,722640	8.6
2009,722648	18.0
2009,722650	12.0
2009,722654	21.2
2009,722656	10.0
2009,722660	12.0
2009,722666	15.8
2009,722670	5.0
2009,722700	19.9
2009,723510	10.9
2009,723604	10.9
2009,723628	15.8
2009,723629	27.5
2009,723630	5.0
2009,723635	5.0
2009,723761	23.0
2009,724462	21.2
2009,725021	23.0
2009,747335	17.6
2009,747355	19.4
2009,747400	18.0
2009,994110	36.9
2009,994260	29.5
2009,997361	34.9
2009,997363	35.1
2009,997364	36.1
2009,997366	38.1
2009,997368	31.8
2009,997369	31.8
2009,998165	34.0
2009,998189	31.1
2009,998226	33.8
2009,999999	-1.8
2010,690190	9.7
2010,720110	10.4
2010,720151	10.2
2010,720261	7.7
2010,720269	24.4
2010,720271	13.6
2010,720273	21.2
2010,720276	24.6
2010,720281	12.2
2010,720286	10.0
2010,720287	10.2
2010,720291	14.0
2010,720295	11.1
2010,720296	17.6
2010,720298	15.8
2010,720299	11.5
2010,720302	10.4
2010,720303	12.7
2010,720305	12.6
2010,720311	12.2
2010,720314	11.3
2010,720315	-4.4
2010,720316	24.4
2010,720318	9.5
2010,720320	12.2
2010,720323	9.3
2010,720391	21.2
2010,720393	2.8
2010,720395	14.7
2010,720404	13.1
2010,720542	19.4
2010,720577	11.3
2010,720578	12.2
2010,720579	15.6
2010,720584	19.4
2010,720594	23.0
2010,720617	17.6
2010,720622	8.6
2010,720626	-2.2
2010,720637	19.4
2010,720639	12.2
2010,720647	14.0
2010,720648	17.6
2010,720659	10.4
2010,720668	41.0
2010,720669	42.8
2010,720725	42.8
2010,720726	41.0
2010,720727	48.2
2010,720729	39.2
2010,720731	44.6
2010,720732	42.8
2010,720733	24.8
2010,720742	68.0
2010,720771	23.0
2010,720919	48.2
2010,720921	42.8
2010,722008	30.2
2010,722042	15.8
2010,722094	17.1
2010,722107	13.6
2010,722112	15.8
2010,722122	14.0
2010,722143	10.4
2010,722159	25.3
2010,722169	12.2
2010,722174	6.8
2010,722192	15.6
2010,722202	15.6
2010,722209	20.8
2010,722214	0.0
2010,722231	14.0
2010,722323	12.2
2010,722324	20.3
2010,722338	22.3
2010,722351	22.1
2010,722362	16.5
2010,722363	21.2
2010,722369	24.8
2010,722410	18.0
2010,722416	14.0
2010,722420	27.0
2010,722427	21.9
2010,722429	16.0
2010,722430	19.9
2010,722435	21.0
2010,722436	21.2
2010,722440	32.0
2010,722444	15.1
2010,722445	18.0
2010,722446	14.0
2010,722447	15.1
2010,722448	12.9
2010,722469	15.1
2010,722470	12.9
2010,722479	12.9
2010,722489	15.1
2010,722499	12.2
2010,722500	28.4
2010,722505	25.0
2010,722506	28.9
2010,722510	24.1
2010,722515	28.9
2010,722516	23.0
2010,722517	21.0
2010,722520	25.2
2010,722523	17.1
2010,722524	26.1
2010,722526	16.0
2010,722527	19.0
2010,722530	16.0
2010,722533	12.0
2010,722535	14.5
2010,722536	13.8
2010,722537	10.9
2010,722539	14.0
2010,722540	10.0
2010,722541	8.1
2010,722542	12.2
2010,722543	16.0
2010,722544	17.1
2010,722547	10.4
2010,722550	17.1
2010,722552	10.4
2010,722553	15.8
2010,722554	17.6
2010,722555	19.9
2010,722560	1.0
2010,722561	12.2
2010,722563	8.6
2010,722570	15.1
2010,722575	12.2
2010,722576	15.8
2010,722577	8.6
2010,722580	27.0
2010,722583	14.0
2010,722587	10.4
2010,722588	14.0
2010,722589	7.0
2010,722590	12.9
2010,722593	10.0
2010,722594	9.0
2010,722595	14.0
2010,722596	12.0
2010,722597	9.0
2010,722598	15.3
2010,722599	12.9
2010,722600	10.4
2010,722610	18.0
2010,722615	17.2
2010,722616	12.9
2010,722618	18.0
2010,722620	12.2
2010,722630	10.0
2010,722636	-2.0
2010,722637	0.1
2010,722640	3.2
2010,722648	15.1
2010,722650	15.1
2010,722654	19.0
2010,722656	12.0
2010,722660	12.9
2010,722666	6.8
2010,722670	10.9
2010,722700	18.0
2010,722704	19.4
2010,723510	10.0
2010,723513	19.4
2010,723604	9.0
2010,723628	10.4
2010,723629	21.2
2010,723630	1.9
2010,723635	1.9
2010,723660	44.1
2010,723761	14.0
2010,724462	14.0
2010,725021	16.3
2010,747335	8.6
2010,747355	15.8
2010,747360	39.0
2010,747390	46.0
2010,747400	8.1
2010,747460	46.9
2010,994110	29.5
2010,994260	20.8
2010,997361	26.2
2010,997363	27.5
2010,997366	30.2
2010,997368	24.8
2010,997369	32.7
2010,997370	35.8
2010,998165	31.3
2010,998189	23.2
2010,998226	27.5
2010,999999	3.7
2011,690190	6.6
2011,720110	17.6
2011,720151	1.9
2011,720261	11.3
2011,720269	27.0
2011,720271	6.8
2011,720273	23.0
2011,720276	27.5
2011,720281	3.7
2011,720286	13.1
2011,720287	10.0
2011,720291	8.6
2011,720295	13.1
2011,720296	20.8
2011,720298	14.5
2011,720299	12.2
2011,720302	11.3
2011,720303	17.6
2011,720305	10.4
2011,720311	12.2
2011,720314	17.4
2011,720315	-6.9
2011,720316	26.4
2011,720318	7.2
2011,720320	14.0
2011,720323	13.3
2011,720391	22.6
2011,720393	-10.3
2011,720395	19.4
2011,720404	8.6
2011,720542	17.6
2011,720577	14.0
2011,720578	11.8
2011,720579	19.4
2011,720584	17.6
2011,720594	19.4
2011,720617	19.4
2011,720622	6.8
2011,720626	-4.0
2011,720637	23.0
2011,720639	16.7
2011,720647	15.8
2011,720648	17.6
2011,720659	8.6
2011,720668	39.2
2011,720669	44.6
2011,720725	30.2
2011,720726	39.2
2011,720727	39.2
2011,720729	26.6
2011,720731	32.0
2011,720732	30.2
2011,720733	17.6
2011,720742	24.8
2011,720771	10.4
2011,720919	35.6
2011,720921	32.0
2011,720926	26.6
2011,720943	26.6
2011,720965	28.4
2011,722008	28.4
2011,722042	17.6
2011,722094	15.8
2011,722107	3.2
2011,722112	17.6
2011,722122	6.8
2011,722143	11.8
2011,722159	28.4
2011,722169	1.4
2011,722174	0.3
2011,722192	6.8
2011,722202	16.9
2011,722209	23.0
2011,722214	-7.2
2011,722231	12.2
2011,722323	14.0
2011,722324	8.6
2011,722338	23.0
2011,722351	23.0
2011,722362	15.4
2011,722363	8.6
2011,722369	26.4
2011,722410	21.9
2011,722416	19.0
2011,722420	24.8
2011,722427	21.9
2011,722429	19.0
2011,722430	21.0
2011,722436	23.0
2011,722440	23.0
2011,722444	17.1
2011,722446	17.1
2011,722447	17.1
2011,722448	15.8
2011,722469	0.0
2011,722470	15.8
2011,722479	12.2
2011,722489	10.0
2011,722499	14.0
2011,722500	28.0
2011,722505	26.6
2011,722506	27.0
2011,722510	25.0
2011,722515	27.0
2011,722516	23.0
2011,722517	24.1
2011,722518	30.0
2011,722520	24.1
2011,722523	21.9
2011,722524	25.0
2011,722526	19.9
2011,722527	21.0
2011,722530	19.0
2011,722533	15.1
2011,722535	19.6
2011,722536	19.2
2011,722537	14.0
2011,722539	17.6
2011,722540	16.0
2011,722541	10.0
2011,722542	12.9
2011,722543	19.9
2011,722544	17.1
2011,722547	15.8
2011,722550	21.9
2011,722552	8.6
2011,722553	17.6
2011,722554	20.1
2011,722555	23.0
2011,722560	15.1
2011,722561	15.8
2011,722563	14.0
2011,722570	17.1
2011,722575	14.0
2011,722576	15.8
2011,722577	15.8
2011,722580	14.0
2011,722587	8.6
2011,722588	10.4
2011,722589	10.0
2011,722590	12.9
2011,722593	12.2
2011,722594	10.9
2011,722595	14.0
2011,722597	10.0
2011,722598	12.2
2011,722599	12.9
2011,722600	12.2
2011,722610	19.0
2011,722615	18.9
2011,722616	10.9
2011,722618	6.1
2011,722620	-2.9
2011,722630	12.0
2011,722637	-17.5
2011,722640	1.4
2011,722648	6.1
2011,722650	5.0
2011,722654	6.1
2011,722656	1.9
2011,722660	8.6
2011,722666	10.4
2011,722670	1.4
2011,722700	1.0
2011,722704	6.8
2011,723510	3.0
2011,723513	3.2
2011,723628	10.4
2011,723629	23.0
2011,723630	-6.0
2011,723635	-2.0
2011,723761	17.6
2011,724462	19.4
2011,725021	19.4
2011,747335	12.2
2011,747355	12.2
2011,747400	12.2
2011,994110	25.7
2011,994260	21.9
2011,994790	36.1
2011,997361	23.0
2011,997363	24.6
2011,997366	26.2
2011,997368	24.8
2011,997369	27.5
2011,997370	23.0
2011,997729	35.1
2011,998165	24.6
2011,998184	36.7
2011,998189	23.4
2011,998226	25.0
2011,998482	34.9
2011,999999	-10.3
2012,690190	19.0
2012,720110	19.4
2012,720151	13.5
2012,720261	15.8
2012,720269	32.0
2012,720271	21.2
2012,720273	30.4
2012,720276	34.9
2012,720281	16.7
2012,720286	19.4
2012,720287	19.4
2012,720291	23.0
2012,720295	21.2
2012,720296	27.1
2012,720298	25.2
2012,720299	23.0
2012,720302	19.4
2012,720303	28.4
2012,720305	26.6
2012,720311	19.4
2012,720314	22.8
2012,720315	3.2
2012,720316	30.2
2012,720318	15.8
2012,720320	21.2
2012,720323	20.1
2012,720391	32.0
2012,720393	6.8
2012,720395	26.6
2012,720404	17.6
2012,720542	26.6
2012,720577	21.2
2012,720578	19.4
2012,720579	28.4
2012,720584	26.6
2012,720594	32.0
2012,720617	24.8
2012,720622	17.6
2012,720626	1.4
2012,720637	26.6
2012,720639	23.0
2012,720647	21.2
2012,720648	26.6
2012,720659	17.6
2012,720668	50.0
2012,720669	51.8
2012,720725	42.8
2012,720726	42.8
2012,720727	50.0
2012,720731	48.2
2012,720732	42.8
2012,720733	23.0
2012,720742	26.6
2012,720771	21.2
2012,720919	44.6
2012,720921	42.8
2012,720926	28.4
2012,720943	23.0
2012,720965	19.4
2012,721032	17.6
2012,721034	26.6
2012,721043	21.2
2012,721044	21.2
2012,722008	33.8
2012,722042	23.0
2012,722094	23.0
2012,722107	16.0
2012,722112	23.0
2012,722122	18.1
2012,722143	21.2
2012,722159	33.8
2012,722169	14.0
2012,722174	10.4
2012,722192	19.4
2012,722202	27.9
2012,722209	30.2
2012,722214	5.0
2012,722231	23.0
2012,722323	21.2
2012,722324	21.6
2012,722338	33.6
2012,722351	30.2
2012,722362	21.2
2012,722363	26.6
2012,722369	30.2
2012,722410	28.0
2012,722416	25.0
2012,722420	36.0
2012,722427	28.9
2012,722429	25.0
2012,722430	30.0
2012,722436	32.0
2012,722440	30.9
2012,722444	23.0
2012,722446	25.0
2012,722447	26.1
2012,722448	24.8
2012,722469	24.1
2012,722470	21.9
2012,722479	19.9
2012,722489	19.0
2012,722499	15.8
2012,722500	37.0
2012,722505	35.1
2012,722506	37.0
2012,722510	30.0
2012,722515	37.0
2012,722516	27.0
2012,722517	28.9
2012,722518	28.0
2012,722520	31.1
2012,722523	26.1
2012,722524	30.0
2012,722526	26.1
2012,722527	27.0
2012,722530	27.0
2012,722533	23.0
2012,722535	25.0
2012,722536	27.0
2012,722537	21.2
2012,722539	24.8
2012,722540	21.0
2012,722541	17.1
2012,722542	23.0
2012,722543	27.0
2012,722544	27.0
2012,722547	23.0
2012,722550	27.0
2012,722552	14.0
2012,722553	28.4
2012,722554	28.4
2012,722555	30.9
2012,722560	17.1
2012,722561	21.2
2012,722563	19.4
2012,722570	24.1
2012,722575	23.0
2012,722576	21.9
2012,722577	19.4
2012,722580	23.0
2012,722587	17.6
2012,722588	19.4
2012,722589	15.1
2012,722590	21.9
2012,722593	17.6
2012,722594	14.0
2012,722595	24.8
2012,722597	16.0
2012,722598	21.2
2012,722599	21.0
2012,722600	19.4
2012,722610	27.0
2012,722615	27.3
2012,722616	27.0
2012,722618	19.0
2012,722620	17.1
2012,722630	18.0
2012,722637	8.6
2012,722640	12.2
2012,722648	19.0
2012,722650	18.0
2012,722654	19.9
2012,722656	14.0
2012,722660	17.1
2012,722666	15.8
2012,722670	10.9
2012,722700	19.9
2012,722704	23.0
2012,723510	14.0
2012,723513	19.4
2012,723628	19.4
2012,723629	26.6
2012,723630	8.1
2012,723635	7.0
2012,723761	26.6
2012,724462	24.8
2012,725021	26.6
2012,747335	15.8
2012,747355	21.2
2012,747400	16.0
2012,994110	35.4
2012,994260	31.3
2012,994790	35.8
2012,997361	35.2
2012,997366	37.0
2012,997368	33.4
2012,997369	40.5
2012,997370	34.9
2012,997729	36.1
2012,998165	35.1
2012,998174	34.9
2012,998182	38.1
2012,998184	36.9
2012,998189	33.6
2012,998226	35.4
2012,998481	35.8
2012,998482	40.5
2012,998483	42.6
2012,998484	34.9
2012,998487	35.1
2012,998490	33.3
2012,999999	7.2
2013,690190	20.1
2013,720110	23.0
2013,720151	17.1
2013,720261	21.2
2013,720269	38.3
2013,720271	21.2
2013,720273	30.9
2013,720276	39.6
2013,720281	19.9
2013,720286	23.0
2013,720287	21.2
2013,720291	26.6
2013,720295	24.8
2013,720296	26.4
2013,720298	28.6
2013,720299	24.8
2013,720302	26.6
2013,720303	30.2
2013,720305	26.6
2013,720311	26.6
2013,720314	23.9
2013,720315	12.2
2013,720316	34.2
2013,720318	15.8
2013,720320	26.6
2013,720323	20.5
2013,720391	32.0
2013,720393	12.2
2013,720395	30.2
2013,720404	19.4
2013,720542	30.2
2013,720577	24.8
2013,720578	23.0
2013,720579	28.4
2013,720584	32.0
2013,720594	35.6
2013,720617	28.4
2013,720622	21.2
2013,720626	10.4
2013,720637	26.6
2013,720639	26.6
2013,720647	26.6
2013,720648	30.2
2013,720659	19.4
2013,720725	44.6
2013,720726	46.4
2013,720727	50.0
2013,720732	42.8
2013,720733	26.6
2013,720742	28.4
2013,720771	23.0
2013,720919	46.4
2013,720921	44.6
2013,720926	30.2
2013,720943	26.6
2013,720965	18.5
2013,721032	19.4
2013,721034	28.4
2013,721043	24.8
2013,721044	26.6
2013,722008	37.4
2013,722042	26.6
2013,722094	19.4
2013,722107	19.0
2013,722112	28.4
2013,722122	19.4
2013,722143	23.0
2013,722159	39.9
2013,722169	20.1
2013,722174	17.6
2013,722192	21.2
2013,722202	27.9
2013,722209	32.0
2013,722214	8.6
2013,722231	24.8
2013,722323	24.8
2013,722324	23.9
2013,722338	33.8
2013,722351	32.0
2013,722362	28.4
2013,722363	24.8
2013,722369	35.6
2013,722410	28.9
2013,722416	27.0
2013,722420	36.0
2013,722427	28.0
2013,722429	25.0
2013,722430	28.9
2013,722436	33.8
2013,722440	30.9
2013,722444	24.1
2013,722446	27.0
2013,722447	28.0
2013,722448	26.1
2013,722469	26.1
2013,722470	26.1
2013,722479	21.9
2013,722489	24.1
2013,722499	23.0
2013,722500	36.0
2013,722505	37.0
2013,722506	39.9
2013,722510	35.1
2013,722515	40.6
2013,722516	33.1
2013,722517	34.0
2013,722518	32.0
2013,722520	34.0
2013,722523	27.0
2013,722524	33.1
2013,722526	30.0
2013,722527	26.1
2013,722530	28.9
2013,722533	23.0
2013,722535	28.9
2013,722536	28.6
2013,722537	23.0
2013,722539	26.6
2013,722540	25.0
2013,722541	23.0
2013,722542	26.1
2013,722543	28.9
2013,722544	30.0
2013,722547	26.6
2013,722550	30.9
2013,722552	19.4
2013,722553	32.0
2013,722554	32.0
2013,722555	34.0
2013,722560	21.0
2013,722561	24.8
2013,722563	23.0
2013,722570	28.9
2013,722575	26.6
2013,722576	28.0
2013,722577	24.8
2013,722580	28.0
2013,722587	24.8
2013,722588	24.8
2013,722589	21.0
2013,722590	26.1
2013,722593	21.2
2013,722594	19.0
2013,722595	26.1
2013,722597	19.0
2013,722598	26.6
2013,722599	26.1
2013,722600	24.8
2013,722610	27.0
2013,722615	25.9
2013,722616	28.0
2013,722618	21.2
2013,722620	14.0
2013,722630	19.9
2013,722637	15.8
2013,722640	14.0
2013,722648	21.0
2013,722650	21.0
2013,722654	21.2
2013,722656	17.1
2013,722660	18.0
2013,722666	19.4
2013,722670	18.0
2013,722700	18.0
2013,722704	19.4
2013,723510	17.1
2013,723513	17.6
2013,723628	21.2
2013,723629	30.2
2013,723630	10.9
2013,723635	15.1
2013,723761	30.2
2013,724462	28.4
2013,725021	26.6
2013,747335	19.4
2013,747355	24.8
2013,747400	19.0
2013,994110	38.3
2013,994260	33.8
2013,994790	39.0
2013,997361	36.0
2013,997366	40.3
2013,997368	33.8
2013,997369	39.6
2013,997370	37.2
2013,997729	37.6
2013,998165	38.5
2013,998174	38.5
2013,998182	40.3
2013,998184	41.2
2013,998189	35.8
2013,998226	39.4
2013,998481	37.0
2013,998482	57.6
2013,998483	43.2
2013,998484	39.0
2013,998487	36.7
2013,998490	34.7
2013,999999	14.0
