1950	-5.1
1951	-18.9
1952	-0.9
1953	0.0
1954	3.4
1955	4.3
1956	1.0
1957	-0.6
1958	9.0
1959	-10.7
1960	-8.0
1961	-2.9
1962	-9.0
1963	-15.7
1964	0.3
1965	5.0
1966	-5.1
1967	3.9
1968	3.0
1969	9.0
1970	3.0
1971	-2.0
1972	0.0
1973	-4.0
1974	-8.1
1975	-4.9
1976	-4.9
1977	-4.0
1978	-6.9
1979	-10.1
1980	2.1
1981	-15.9
1982	-7.1
1983	-10.8
1984	-14.8
1985	-11.4
1986	-11.9
1987	-6.2
1988	-15.9
1989	-10.1
1990	-7.8
1991	2.1
1992	5.9
1993	5.0
1994	-2.0
1995	7.0
1996	-2.9
1997	-0.4
1998	-2.6
1999	10.2
2000	3.9
2001	3.9
2002	-0.9
2003	3.0
2004	-4.0
2005	-4.0
2006	1.9
2007	-2.2
2008	1.0
2009	-1.8
2010	-4.4
2011	-17.5
2012	1.4
2013	8.6
