690190	0.2
690290	0.5
690300	4.1
720110	0.0
720150	2.0
720151	0.7
720261	0.0
720269	0.5
720271	0.3
720273	0.0
720276	0.0
720281	0.3
720286	0.4
720287	0.6
720291	0.0
720295	0.0
720296	0.0
720298	0.2
720299	0.0
720302	0.1
720303	0.0
720305	0.2
720311	0.0
720314	0.0
720315	1.7
720316	0.0
720318	0.0
720320	0.0
720323	0.0
720391	0.9
720393	1.4
720395	0.2
720396	3.5
720403	1.2
720404	0.6
720542	1.3
720577	0.0
720578	0.3
720579	0.5
720584	0.8
720594	0.0
720617	0.5
720622	0.4
720626	1.8
720637	0.1
720639	0.2
720647	0.8
720648	0.2
720659	0.9
720668	1.3
720725	0.9
720726	0.6
720727	1.4
720729	2.1
720731	4.0
720732	0.0
720733	0.5
720742	0.0
720771	1.2
720919	3.0
720921	1.0
720926	0.7
720943	0.0
720965	2.3
721032	2.5
721034	0.7
721043	0.2
721044	0.7
722008	0.0
722042	0.0
722094	0.0
722102	4.0
722107	1.2
722112	0.0
722113	0.0
722122	0.0
722143	0.0
722159	0.0
722169	0.3
722174	0.7
722192	0.0
722202	0.0
722209	1.5
722214	0.4
722231	1.8
722323	0.0
722324	0.5
722337	0.0
722338	0.6
722351	0.0
722362	0.3
722363	0.0
722369	1.2
722410	0.4
722413	0.8
722414	3.0
722415	2.5
722416	0.6
722420	0.7
722422	2.2
722423	1.5
722426	5.0
722427	0.0
722429	0.0
722430	0.0
722433	0.0
722435	0.3
722436	0.0
722437	1.6
722439	5.0
722440	0.7
722444	0.0
722445	0.0
722446	0.0
722447	0.0
722448	0.0
722453	0.0
722469	0.0
722470	0.0
722479	0.3
722489	0.0
722499	0.0
722500	1.2
722505	0.0
722506	1.0
722508	0.0
722510	1.7
722515	0.2
722516	0.1
722517	0.1
722518	2.0
722519	1.0
722520	0.0
722523	0.1
722524	0.3
722525	0.0
722526	0.0
722527	0.0
722530	0.0
722533	0.0
722535	0.0
722536	0.0
722537	0.0
722539	0.0
722540	0.5
722541	0.2
722542	0.0
722543	0.0
722544	0.1
722545	0.0
722546	1.2
722547	0.0
722550	0.6
722552	0.5
722553	0.0
722554	0.0
722555	0.0
722556	0.7
722557	1.0
722560	0.0
722561	0.0
722563	0.0
722570	0.0
722572	0.0
722575	0.0
722576	0.0
722577	0.0
722580	0.3
722581	0.3
722583	0.1
722585	0.1
722586	0.2
722587	0.0
722588	0.0
722589	0.0
722590	0.2
722593	0.0
722594	0.0
722595	0.0
722596	0.7
722597	0.0
722598	0.0
722599	0.0
722600	0.4
722610	0.0
722615	0.0
722616	1.6
722618	0.0
722620	0.0
722626	0.0
722630	0.0
722635	1.5
722636	0.2
722637	0.0
722640	0.0
722648	0.0
722650	1.0
722654	0.0
722655	0.4
722656	0.0
722657	0.0
722658	1.6
722660	0.6
722665	0.2
722666	0.0
722670	1.8
722673	0.0
722675	0.0
722700	0.4
722704	0.6
722707	1.0
723510	0.0
723513	1.4
723601	2.3
723604	0.0
723628	0.0
723629	0.0
723630	1.1
723635	1.5
723660	2.3
723761	0.0
724462	0.0
725021	0.0
726388	0.0
747300	1.2
747335	0.0
747355	0.0
747360	3.7
747390	1.8
747400	0.0
747460	0.8
749016	2.5
749017	1.6
749018	0.4
749019	0.4
749056	0.0
749058	0.0
749091	0.5
994037	27.9
994110	0.6
994260	0.4
994510	2.6
994730	2.3
994790	4.2
997361	0.0
997363	2.5
997366	3.6
997368	2.7
997369	0.2
997370	0.8
997729	0.0
998165	0.2
998174	2.8
998182	3.5
998184	2.7
998189	2.0
998226	1.9
998483	3.9
998484	2.3
998487	3.5
998490	4.1
999999	0.0
