1950	1.89
1951	3.7
1952	1.22
1953	2.64
1954	1.89
1955	1.69
1956	1.26
1957	2.87
1958	3.7
1959	4.09
1960	4.06
1961	2.32
1962	2.83
1963	2.24
1964	2.95
1965	0.02
1966	0.02
1967	0.02
1968	0.02
1969	0.02
1970	0.02
1971	3.03
1972	3.07
1973	18.11
1974	10.47
1975	10.51
1976	8.15
1977	5.91
1978	17.13
1979	10.08
1980	15.39
1981	14.02
1982	19.02
1983	11.1
1984	6.93
1985	8.9
1986	12.02
1987	17.09
1988	6.84
1989	9.24
1990	10.63
1991	9.74
1992	19.02
1993	7.65
1994	10.0
1995	18.28
1996	6.4
1997	7.89
1998	16.32
1999	5.9
2000	6.74
2001	11.14
2002	8.55
2003	7.86
2004	7.84
2005	8.64
2006	11.51
2007	7.86
2008	13.21
2009	7.13
2010	7.34
2011	6.33
2012	8.25
2013	5.0
