1950	105.3
1951	109.0
1952	108.0
1953	109.9
1954	111.0
1955	105.3
1956	108.0
1957	109.9
1958	109.2
1959	106.3
1960	109.9
1961	102.4
1962	110.3
1963	106.3
1964	111.2
1965	106.3
1966	107.1
1967	108.3
1968	107.1
1969	109.9
1970	109.9
1971	108.3
1972	109.0
1973	110.8
1974	109.9
1975	107.1
1976	107.1
1977	111.0
1978	120.0
1979	112.1
1980	117.0
1981	111.0
1982	109.0
1983	108.0
1984	109.9
1985	108.0
1986	109.9
1987	108.0
1988	114.1
1989	112.3
1990	114.1
1991	107.1
1992	107.1
1993	108.0
1994	117.0
1995	110.8
1996	109.9
1997	107.6
1998	115.3
1999	113.0
2000	113.0
2001	111.2
2002	118.0
2003	114.1
2004	111.0
2005	131.0
2006	114.1
2007	109.9
2008	124.0
2009	118.6
2010	111.9
2011	114.8
2012	132.8
2013	95.0
