690190	113.0
690290	91.4
690300	90.0
720110	109.4
720150	98.6
720151	102.2
720261	109.4
720269	111.2
720271	113.0
720273	106.0
720276	106.9
720281	114.3
720286	109.4
720287	111.2
720291	107.6
720295	107.6
720296	105.8
720298	105.8
720299	109.4
720302	111.2
720303	118.6
720305	107.6
720311	109.4
720314	107.6
720315	113.0
720316	131.0
720318	109.4
720320	109.4
720323	105.8
720391	107.6
720393	109.4
720395	111.2
720396	91.4
720403	96.8
720404	109.4
720542	107.6
720577	107.6
720578	109.4
720579	109.4
720584	107.6
720594	111.2
720617	104.0
720622	109.4
720626	113.0
720637	105.8
720639	109.4
720647	109.4
720648	107.6
720659	107.6
720668	102.2
720669	95.0
720725	89.6
720726	91.4
720727	93.2
720729	91.4
720731	100.4
720732	100.4
720733	104.0
720742	109.4
720771	107.6
720919	95.0
720921	93.2
720926	104.0
720943	109.4
720965	108.1
721032	105.8
721034	106.7
721043	101.3
721044	104.0
722008	100.4
722042	109.4
722094	109.4
722102	96.8
722107	109.4
722112	107.6
722113	105.8
722122	109.8
722143	107.6
722159	105.6
722169	114.3
722174	109.4
722192	107.6
722202	108.0
722209	105.8
722214	107.6
722231	107.6
722323	107.6
722324	110.5
722337	95.0
722338	106.2
722351	107.6
722362	107.6
722363	104.0
722369	104.0
722410	115.0
722413	91.9
722414	87.1
722415	99.9
722416	111.9
722420	104.0
722422	100.0
722423	99.0
722426	90.0
722427	104.0
722429	113.0
722430	109.0
722433	98.1
722435	108.1
722436	109.4
722437	99.9
722439	96.1
722440	105.1
722444	109.9
722445	111.9
722446	109.9
722447	109.9
722448	109.9
722453	100.4
722469	109.9
722470	109.9
722479	109.9
722489	109.9
722499	109.4
722500	106.0
722505	107.6
722506	114.1
722508	100.9
722510	109.0
722515	106.0
722516	115.3
722517	111.7
722518	109.0
722519	97.9
722520	113.0
722523	113.0
722524	107.1
722525	110.8
722526	111.9
722527	108.0
722530	111.0
722533	111.9
722535	110.1
722536	111.2
722537	105.8
722539	111.2
722540	111.9
722541	111.2
722542	118.0
722543	108.0
722544	111.9
722545	109.0
722546	99.9
722547	109.4
722550	111.0
722552	111.2
722553	107.6
722554	107.6
722555	105.8
722556	114.1
722557	93.9
722560	111.0
722561	107.6
722563	109.4
722570	111.9
722572	102.0
722575	109.4
722576	109.9
722577	132.8
722580	111.9
722581	107.1
722583	109.9
722585	111.9
722586	108.3
722587	111.2
722588	111.2
722589	109.9
722590	113.0
722593	109.4
722594	111.9
722595	111.0
722596	111.9
722597	113.9
722598	111.2
722599	111.0
722600	105.8
722610	111.9
722615	113.0
722616	124.0
722618	111.2
722620	105.1
722626	99.0
722630	109.9
722635	104.0
722636	107.1
722637	114.8
722640	105.1
722648	109.9
722650	116.1
722654	111.0
722655	107.1
722656	117.0
722657	109.0
722658	97.0
722660	109.9
722665	109.0
722666	111.2
722670	114.1
722673	109.4
722675	115.9
722700	114.1
722704	107.6
722707	99.0
723510	117.0
723513	111.2
723601	120.0
723604	117.0
723628	107.6
723629	102.2
723630	111.0
723635	113.0
723660	102.9
723761	105.8
724462	107.6
725021	105.8
726388	100.4
747300	108.9
747335	105.8
747355	105.8
747360	100.9
747390	108.0
747400	111.0
747460	107.1
749016	87.3
749017	88.3
749018	108.3
749019	104.4
749056	107.2
749058	108.3
749091	107.2
994037	91.4
994110	96.8
994260	102.6
994510	86.9
994730	92.3
994790	94.8
997361	95.9
997363	95.4
997364	103.6
997366	97.9
997368	98.2
997369	98.1
997370	99.0
997729	99.9
998165	96.8
998174	93.2
998182	95.9
998184	94.1
998189	95.4
998226	100.4
998481	98.1
998482	90.9
998483	92.7
998484	86.9
998487	85.6
998490	95.0
999999	113.0
