690190	49.9
690290	35.0
690300	23.9
720110	31.1
720150	18.1
720151	44.1
720261	33.0
720269	35.0
720271	41.0
720273	33.0
720276	40.0
720281	42.0
720286	33.0
720287	42.9
720291	35.0
720295	41.0
720296	28.0
720298	26.0
720299	40.0
720302	30.9
720303	39.0
720305	33.0
720311	35.9
720314	41.0
720315	46.0
720316	39.0
720318	34.0
720320	42.9
720323	36.9
720391	34.0
720393	48.0
720395	33.0
720396	22.9
720403	20.0
720404	35.0
720542	30.9
720577	23.9
720578	37.9
720579	42.0
720584	30.9
720594	35.0
720617	43.9
720622	32.1
720626	43.9
720637	28.9
720639	23.9
720647	26.0
720648	32.1
720659	32.1
720668	42.9
720725	53.0
720726	40.0
720727	42.0
720729	43.9
720731	44.9
720732	48.0
720733	27.0
720742	29.9
720771	30.9
720919	34.0
720921	49.0
720926	28.0
720943	28.9
720965	40.0
721032	37.9
721034	29.9
721043	22.9
721044	28.9
722008	35.0
722042	28.9
722094	35.0
722102	30.9
722107	41.0
722112	32.1
722113	28.9
722122	40.0
722143	35.9
722159	41.0
722169	44.1
722174	42.9
722192	37.9
722202	35.0
722209	35.0
722214	49.9
722231	53.0
722323	36.9
722324	40.0
722337	54.8
722338	35.0
722351	35.9
722362	41.0
722363	42.0
722369	42.9
722410	60.0
722413	25.1
722414	17.9
722415	39.8
722416	46.0
722420	61.0
722422	49.9
722423	55.0
722426	33.0
722427	36.9
722429	49.9
722430	49.0
722433	28.0
722435	64.9
722436	49.9
722437	42.0
722439	45.1
722440	35.0
722444	35.9
722445	53.8
722446	47.0
722447	49.9
722448	52.1
722453	33.0
722469	44.9
722470	49.9
722479	36.9
722489	42.9
722499	44.1
722500	58.1
722505	55.0
722506	55.9
722508	49.9
722510	55.0
722515	47.0
722516	59.8
722517	55.0
722518	29.9
722519	35.9
722520	51.9
722523	41.0
722524	46.0
722525	39.0
722526	50.9
722527	32.1
722530	51.9
722533	47.0
722535	49.9
722536	49.9
722537	47.8
722539	44.1
722540	46.8
722541	40.0
722542	40.0
722543	40.0
722544	28.7
722545	42.0
722546	32.8
722547	34.0
722550	65.1
722552	43.9
722553	33.0
722554	35.9
722555	55.0
722556	44.9
722557	37.9
722560	46.0
722561	29.9
722563	38.1
722570	50.9
722572	43.9
722575	46.0
722576	49.9
722577	49.9
722580	55.0
722581	47.0
722583	50.9
722585	42.0
722586	40.0
722587	48.0
722588	49.9
722589	42.0
722590	53.0
722593	42.0
722594	54.8
722595	54.8
722596	51.9
722597	52.8
722598	55.0
722599	54.8
722600	35.0
722610	51.9
722615	49.9
722616	35.0
722618	43.9
722620	72.8
722626	59.8
722630	55.9
722635	30.9
722636	55.0
722637	49.0
722640	89.0
722648	44.1
722650	52.1
722654	42.0
722655	40.0
722656	52.1
722657	55.9
722658	15.9
722660	51.9
722665	46.8
722666	46.0
722670	50.1
722673	49.9
722675	57.9
722700	54.0
722704	34.0
722707	76.9
723510	53.0
723513	40.0
723601	52.1
723604	55.9
723628	38.1
723629	34.0
723630	54.0
723635	44.7
723660	32.1
723761	28.0
724462	39.0
725021	25.1
726388	51.9
747300	40.0
747335	28.9
747355	35.9
747360	29.9
747390	25.1
747400	49.0
747460	23.9
749016	28.0
749017	22.0
749018	33.0
749019	35.0
749056	39.0
749058	49.0
749091	44.9
994037	35.9
994110	73.8
994260	70.9
994510	50.5
994730	33.0
994790	34.0
997361	56.3
997363	69.9
997366	52.4
997368	57.9
997369	44.7
997370	42.7
997729	62.2
998165	35.0
998174	23.9
998182	35.0
998184	31.9
998189	43.9
998226	31.9
998483	35.0
998484	30.9
998487	29.9
998490	34.0
999999	71.1
