690190	0.0
690290	0.0
690300	0.0
720110	0.0
720150	0.0
720151	0.0
720261	0.0
720269	0.0
720271	0.0
720273	0.0
720276	0.0
720281	0.0
720286	0.0
720287	0.0
720291	0.0
720295	0.0
720296	0.0
720298	0.0
720299	0.0
720302	0.0
720303	0.0
720305	0.0
720311	0.0
720314	0.0
720315	0.0
720316	0.0
720318	0.0
720320	0.0
720323	0.0
720391	0.0
720393	0.0
720395	0.0
720396	0.0
720403	0.0
720404	0.0
720542	0.0
720577	0.0
720578	0.0
720579	0.0
720584	0.0
720594	0.0
720617	0.0
720622	0.0
720626	0.0
720637	0.0
720639	0.0
720647	0.0
720648	0.0
720659	0.0
720668	0.0
720669	0.0
720725	0.0
720726	0.0
720727	0.0
720729	0.0
720731	0.0
720732	0.0
720733	0.0
720742	0.0
720771	0.0
720919	0.0
720921	0.0
720926	0.0
720943	0.0
720965	0.0
721032	0.0
721034	0.0
721043	0.0
721044	0.0
722008	0.0
722042	0.0
722094	0.0
722102	0.0
722107	0.0
722112	0.0
722113	0.0
722122	0.0
722143	0.0
722159	0.0
722169	0.0
722174	0.0
722192	0.0
722202	0.0
722209	0.0
722214	0.0
722231	0.0
722323	0.0
722324	0.0
722337	0.0
722338	0.0
722351	0.0
722362	0.0
722363	0.0
722369	0.0
722410	0.0
722413	0.0
722414	0.0
722415	0.0
722416	0.0
722420	0.0
722422	0.0
722423	0.0
722426	0.0
722427	0.0
722429	0.0
722430	0.0
722433	0.0
722435	0.0
722436	0.0
722437	0.0
722439	0.0
722440	0.0
722444	0.0
722445	0.0
722446	0.0
722447	0.0
722448	0.0
722453	0.0
722469	0.0
722470	0.0
722479	0.0
722489	0.0
722499	0.0
722500	0.0
722505	0.0
722506	0.0
722508	0.0
722510	0.0
722515	0.0
722516	0.0
722517	0.0
722518	0.0
722519	0.0
722520	0.0
722523	0.0
722524	0.0
722525	0.0
722526	0.0
722527	0.0
722530	0.0
722533	0.0
722535	0.0
722536	0.0
722537	0.0
722539	0.0
722540	0.0
722541	0.0
722542	0.0
722543	0.0
722544	0.0
722545	0.0
722546	0.0
722547	0.0
722550	0.0
722552	0.0
722553	0.0
722554	0.0
722555	0.0
722556	0.0
722557	0.0
722560	0.0
722561	0.0
722563	0.0
722570	0.0
722572	0.0
722575	0.0
722576	0.0
722577	0.0
722580	0.0
722581	0.0
722583	0.0
722585	0.0
722586	0.0
722587	0.0
722588	0.0
722589	0.0
722590	0.0
722593	0.0
722594	0.0
722595	0.0
722596	0.0
722597	0.0
722598	0.0
722599	0.0
722600	0.0
722610	0.0
722615	0.0
722616	0.0
722618	0.0
722620	0.0
722626	0.0
722630	0.0
722635	0.0
722636	0.0
722637	0.0
722640	0.0
722648	0.0
722650	0.0
722654	0.0
722655	0.0
722656	0.0
722657	0.0
722658	0.0
722660	0.0
722665	0.0
722666	0.0
722670	0.0
722673	0.0
722675	0.0
722700	0.0
722704	0.0
722707	0.0
723510	0.0
723513	0.0
723601	0.0
723604	0.0
723628	0.0
723629	0.0
723630	0.0
723635	0.0
723660	0.0
723761	0.0
724462	0.0
725021	0.0
726388	0.0
747300	0.0
747335	0.0
747355	0.0
747360	0.0
747390	0.0
747400	0.0
747460	0.0
749016	0.0
749017	0.0
749018	0.0
749019	0.0
749056	0.0
749058	0.0
749091	0.0
994037	0.0
994110	0.0
994260	0.0
994510	0.0
994730	0.0
994790	0.0
997361	0.0
997363	0.0
997364	0.0
997366	0.0
997368	0.0
997369	0.0
997370	0.0
997729	0.0
998165	0.0
998174	0.0
998182	0.0
998184	0.0
998189	0.0
998226	0.0
998481	0.0
998482	0.0
998483	0.0
998484	0.0
998487	0.0
998490	0.0
999999	0.0
